300	0.086847
302	0.078218
304	0.068694
306	0.058762
308	0.048744
310	0.039083
312	0.02949
314	0.019515
316	0.0099021
318	0.0036383
320	0.0085574
322	0.03267
324	0.079379
326	0.14624
328	0.22731
330	0.31246
332	0.39237
334	0.46003
336	0.51618
338	0.56134
340	0.59856
342	0.62875
344	0.65322
346	0.67391
348	0.68962
350	0.70355
352	0.71434
354	0.7243
356	0.73238
358	0.74004
360	0.74602
362	0.75171
364	0.75649
366	0.76056
368	0.764
370	0.76851
372	0.77328
374	0.77738
376	0.78086
378	0.78575
380	0.79043
382	0.79517
384	0.7997
386	0.8049
388	0.80973
390	0.8151
392	0.8203
394	0.82548
396	0.83056
398	0.83516
400	0.84071
402	0.84529
404	0.84969
406	0.85426
408	0.85809
410	0.86271
412	0.86653
414	0.86995
416	0.8736
418	0.87724
420	0.88024
422	0.88337
424	0.88641
426	0.88874
428	0.89103
430	0.89408
432	0.89594
434	0.89808
436	0.90061
438	0.90227
440	0.90384
442	0.90615
444	0.90775
446	0.90949
448	0.91078
450	0.91186
452	0.91357
454	0.91531
456	0.91648
458	0.91761
460	0.91895
462	0.92004
464	0.92124
466	0.92247
468	0.92337
470	0.92472
472	0.92528
474	0.92624
476	0.92714
478	0.92822
480	0.92883
482	0.92977
484	0.93071
486	0.9312
488	0.93208
490	0.93238
492	0.93393
494	0.93449
496	0.93491
498	0.93544
500	0.93631
502	0.9367
504	0.93758
506	0.93771
508	0.93868
510	0.93908
512	0.93963
514	0.94003
516	0.94035
518	0.94111
520	0.94174
522	0.94192
524	0.94294
526	0.94301
528	0.94334
530	0.94363
532	0.94454
534	0.94493
536	0.94538
538	0.9456
540	0.94574
542	0.94622
544	0.94678
546	0.94707
548	0.94765
550	0.94803
552	0.94835
554	0.94861
556	0.94901
558	0.94937
560	0.94934
562	0.9501
564	0.95052
566	0.95053
568	0.9507
570	0.95122
572	0.95153
574	0.95176
576	0.95209
578	0.95227
580	0.9525
582	0.95284
584	0.95342
586	0.95329
588	0.95365
590	0.95389
592	0.95406
594	0.95429
596	0.95458
598	0.95452
600	0.95487
602	0.95506
604	0.95528
606	0.95589
608	0.95603
610	0.95616
612	0.95667
614	0.9568
616	0.95699
618	0.95738
620	0.9574
622	0.9575
624	0.95802
626	0.9581
628	0.95816
630	0.95848
632	0.95879
634	0.95893
636	0.95943
638	0.9593
640	0.95935
642	0.95956
644	0.95946
646	0.95978
648	0.96006
650	0.96018
652	0.96075
654	0.96079
656	0.96085
658	0.96089
660	0.96114
662	0.96137
664	0.96162
666	0.96202
668	0.96211
670	0.9622
672	0.96238
674	0.96242
676	0.96228
678	0.96248
680	0.96295
682	0.96319
684	0.96332
686	0.96368
688	0.96376
690	0.96408
692	0.96425
694	0.96448
696	0.96437
698	0.96444
700	0.96481
702	0.9651
704	0.96543
706	0.96544
708	0.9657
710	0.96563
712	0.96556
714	0.96571
716	0.9658
718	0.96605
720	0.96623
722	0.96648
724	0.96693
726	0.96688
728	0.96695
730	0.9673
732	0.96747
734	0.96746
736	0.96765
738	0.96752
740	0.96757
742	0.96795
744	0.96778
746	0.96773
748	0.96845
750	0.96879
752	0.9689
754	0.96937
756	0.96929
758	0.96903
760	0.96912
762	0.96913
764	0.96885
766	0.96907
768	0.96937
770	0.96893
772	0.96938
774	0.97035
776	0.96999
778	0.96979
780	0.97053
782	0.97036
784	0.97051
786	0.97096
788	0.97065
790	0.97068
792	0.97023
794	0.9704
796	0.97136
798	0.97136
800	0.97139
802	0.97131
804	0.97152
806	0.97151
808	0.97133
810	0.97177
812	0.9717
814	0.97186
816	0.97237
818	0.97277
820	0.97274
822	0.97272
824	0.97278
826	0.97361
828	0.97296
830	0.97257
832	0.97326
834	0.97272
836	0.97355
838	0.97268
840	0.97208
842	0.97357
844	0.97237
846	0.9727
848	0.9745
850	0.97357
852	0.97301
854	0.97324
856	0.97207
858	0.97246
860	0.97253
862	0.97341
864	0.97375
866	0.97325
868	0.97368
870	0.97368
872	0.97418
874	0.97386
876	0.97376
878	0.97448
880	0.97385
882	0.97392
884	0.97462
886	0.9734
888	0.97369
890	0.97436
892	0.97461
894	0.97384
896	0.97403
898	0.97475
900	0.97485
902	0.97438
904	0.97419
906	0.97415
908	0.97491
910	0.97453
912	0.97479
914	0.97492
916	0.97548
918	0.97558
920	0.97546
922	0.9748
924	0.97499
926	0.97539
928	0.97611
930	0.9756
932	0.97553
934	0.97548
936	0.97586
938	0.97525
940	0.97607
942	0.97569
944	0.97575
946	0.97578
948	0.97652
950	0.97594
952	0.97666
954	0.97657
956	0.97647
958	0.97581
960	0.9763
962	0.97685
964	0.97661
966	0.97636
968	0.97703
970	0.97663
972	0.97658
974	0.97723
976	0.97717
978	0.97721
980	0.9775
982	0.97679
984	0.97748
986	0.97742
988	0.97692
990	0.9774
992	0.97696
994	0.97711
996	0.97758
998	0.977
1000	0.97774
1002	0.97767
1004	0.97823
1006	0.97851
1008	0.97811
1010	0.97733
1012	0.9776
1014	0.97856
1016	0.97796
1018	0.97806
1020	0.97783
1022	0.97807
1024	0.97816
1026	0.978
1028	0.97773
1030	0.97747
1032	0.97819
1034	0.97795
1036	0.97859
1038	0.97819
1040	0.97846
1042	0.97793
1044	0.97887
1046	0.97889
1048	0.97824
1050	0.97845
1052	0.97895
1054	0.97842
1056	0.97879
1058	0.97854
1060	0.9788
1062	0.97905
1064	0.97936
1066	0.97922
1068	0.97846
1070	0.97925
1072	0.97935
1074	0.97917
1076	0.97872
1078	0.97872
1080	0.9791
1082	0.97917
1084	0.97902
1086	0.979
1088	0.97906
1090	0.97945
1092	0.97949
1094	0.98014
1096	0.97993
1098	0.9795
1100	0.97973
1102	0.97993
1104	0.97992
1106	0.97956
1108	0.97965
1110	0.97999
1112	0.98005
1114	0.98019
1116	0.97973
1118	0.9792
1120	0.97982
1122	0.97984
1124	0.97993
1126	0.97986
1128	0.98042
1130	0.98026
1132	0.97972
1134	0.98049
1136	0.9804
1138	0.98055
1140	0.98041
1142	0.98047
1144	0.98084
1146	0.9803
1148	0.98016
1150	0.98077
1152	0.98084
1154	0.98016
1156	0.98036
1158	0.98076
1160	0.98059
1162	0.98036
1164	0.98033
1166	0.98022
1168	0.98071
1170	0.98074
1172	0.98049
1174	0.98045
1176	0.98051
1178	0.98073
1180	0.98078
1182	0.98067
1184	0.98082
1186	0.98136
1188	0.9811
1190	0.98105
1192	0.98117
1194	0.98104
1196	0.98083
1198	0.98079
1200	0.98116
1202	0.98149
1204	0.9808
1206	0.9806
1208	0.98088
1210	0.98133
1212	0.98158
1214	0.98117
1216	0.98117
1218	0.98158
1220	0.98199
1222	0.98146
1224	0.98116
1226	0.98169
1228	0.98148
1230	0.98138
1232	0.98149
1234	0.98132
1236	0.98138
1238	0.98134
1240	0.9812
1242	0.98117
1244	0.98164
1246	0.98162
1248	0.98125
1250	0.98125
1252	0.98159
1254	0.98174
1256	0.98132
1258	0.98128
1260	0.98146
1262	0.98165
1264	0.98169
1266	0.98192
1268	0.98225
1270	0.98173
1272	0.98217
1274	0.98179
1276	0.98114
1278	0.98176
1280	0.98215
1282	0.98228
1284	0.98224
1286	0.98206
1288	0.98164
1290	0.98163
1292	0.9821
1294	0.9819
1296	0.9813
1298	0.98194
1300	0.98206
1302	0.98213
1304	0.98187
1306	0.98179
1308	0.98191
1310	0.98197
1312	0.98228
1314	0.98251
1316	0.98251
1318	0.98231
1320	0.98226
1322	0.98225
1324	0.98234
1326	0.98194
1328	0.98173
1330	0.98155
1332	0.98195
1334	0.98284
1336	0.98264
1338	0.98231
1340	0.98266
1342	0.98274
1344	0.98203
1346	0.98243
1348	0.98252
1350	0.98282
1352	0.98251
1354	0.98255
1356	0.98264
1358	0.9825
1360	0.98289
1362	0.9829
1364	0.98327
1366	0.98296
1368	0.98283
1370	0.98316
1372	0.9828
1374	0.98222
1376	0.9824
1378	0.98217
1380	0.98291
1382	0.98348
1384	0.98321
1386	0.98262
1388	0.9832
1390	0.98278
1392	0.98254
1394	0.98284
1396	0.98306
1398	0.98309
1400	0.98307
1402	0.98287
1404	0.98346
1406	0.98355
1408	0.98317
1410	0.98315
1412	0.98242
1414	0.98286
1416	0.98359
1418	0.98312
1420	0.98294
1422	0.98279
1424	0.98373
1426	0.9828
1428	0.98301
1430	0.98314
1432	0.9833
1434	0.98284
1436	0.98344
1438	0.9829
1440	0.98301
1442	0.98343
1444	0.98299
1446	0.98271
1448	0.9832
1450	0.98282
1452	0.98252
1454	0.9834
1456	0.98309
1458	0.98246
1460	0.9835
1462	0.98312
1464	0.98267
1466	0.98367
1468	0.98252
1470	0.98317
1472	0.98363
1474	0.98324
1476	0.98303
1478	0.98369
1480	0.98307
1482	0.9835
1484	0.98318
1486	0.98307
1488	0.98357
1490	0.98355
1492	0.98243
1494	0.98308
1496	0.98307
1498	0.98321
1500	0.98383
1502	0.98331
1504	0.98267
1506	0.9837
1508	0.98348
1510	0.98373
1512	0.98287
1514	0.98359
1516	0.98339
1518	0.98405
1520	0.98394
1522	0.98406
1524	0.9828
1526	0.98316
1528	0.98361
1530	0.98278
1532	0.98343
1534	0.98333
1536	0.9832
1538	0.98337
1540	0.98384
1542	0.98317
1544	0.98343
1546	0.98374
1548	0.98333
1550	0.98359
1552	0.98342
1554	0.98355
1556	0.98324
1558	0.98351
1560	0.98392
1562	0.98392
1564	0.98369
1566	0.98397
1568	0.98398
1570	0.98409
1572	0.98412
1574	0.98425
1576	0.98309
1578	0.98378
1580	0.98433
1582	0.98367
1584	0.98323
1586	0.98403
1588	0.98378
1590	0.98426
1592	0.9836
1594	0.98419
1596	0.98384
1598	0.98364
1600	0.98359
1602	0.98357
1604	0.98367
1606	0.98363
1608	0.98405
1610	0.98375
1612	0.98365
1614	0.98387
1616	0.98405
1618	0.9846
1620	0.98432
1622	0.9844
1624	0.98414
1626	0.98403
1628	0.98382
1630	0.98377
1632	0.98306
1634	0.98352
1636	0.98416
1638	0.98405
1640	0.98435
1642	0.98382
1644	0.98426
1646	0.98414
1648	0.98409
1650	0.98389
1652	0.98443
1654	0.98373
1656	0.98382
1658	0.98401
1660	0.98442
1662	0.98408
1664	0.98423
1666	0.98441
1668	0.98414
1670	0.98429
1672	0.98415
1674	0.98372
1676	0.984
1678	0.98473
1680	0.98452
1682	0.98406
1684	0.98444
1686	0.98465
1688	0.98464
1690	0.98439
1692	0.98379
1694	0.98425
1696	0.98444
1698	0.98472
1700	0.98453
1702	0.98405
1704	0.98397
1706	0.98394
1708	0.98412
1710	0.98434
1712	0.98462
1714	0.98452
1716	0.98409
1718	0.98448
1720	0.98453
1722	0.98426
1724	0.98415
1726	0.98423
1728	0.9847
1730	0.98412
1732	0.98358
1734	0.9844
1736	0.98474
1738	0.9843
1740	0.98406
1742	0.98439
1744	0.98457
1746	0.98434
1748	0.98418
1750	0.98394
1752	0.98409
1754	0.98451
1756	0.98459
1758	0.98455
1760	0.98474
1762	0.98471
1764	0.98469
1766	0.9847
1768	0.98446
1770	0.98464
1772	0.98484
1774	0.98488
1776	0.98443
1778	0.98454
1780	0.985
1782	0.9846
1784	0.98413
1786	0.98455
1788	0.98497
1790	0.9846
1792	0.98437
1794	0.98484
1796	0.98485
1798	0.98457
1800	0.98423
1802	0.98457
1804	0.98484
1806	0.98488
1808	0.98486
1810	0.98501
1812	0.98474
1814	0.98481
1816	0.98475
1818	0.9844
1820	0.98491
1822	0.98506
1824	0.98467
1826	0.98456
1828	0.98461
1830	0.98507
1832	0.9851
1834	0.98517
1836	0.98505
1838	0.98521
1840	0.98522
1842	0.98512
1844	0.98482
1846	0.98484
1848	0.98464
1850	0.98488
1852	0.98564
1854	0.98558
1856	0.98517
1858	0.9849
1860	0.98492
1862	0.98484
1864	0.9849
1866	0.98492
1868	0.98474
1870	0.98459
1872	0.98482
1874	0.9851
1876	0.98479
1878	0.98516
1880	0.9852
1882	0.98552
1884	0.98532
1886	0.98531
1888	0.98539
1890	0.98568
1892	0.98582
1894	0.98534
1896	0.98466
1898	0.98458
1900	0.98516
1902	0.9854
1904	0.98475
1906	0.9852
1908	0.98534
1910	0.98492
1912	0.98496
1914	0.98482
1916	0.98542
1918	0.98588
1920	0.98504
1922	0.9849
1924	0.98497
1926	0.9852
1928	0.9855
1930	0.98549
1932	0.9849
1934	0.98546
1936	0.98497
1938	0.98509
1940	0.98512
1942	0.98482
1944	0.98531
1946	0.98519
1948	0.98437
1950	0.98512
1952	0.98574
1954	0.98488
1956	0.98502
1958	0.9851
1960	0.98525
1962	0.98549
1964	0.9857
1966	0.98522
1968	0.98504
1970	0.98492
1972	0.98565
1974	0.98557
1976	0.98434
1978	0.98458
1980	0.98578
1982	0.98519
1984	0.98475
1986	0.98498
1988	0.9847
1990	0.98554
1992	0.98493
1994	0.98483
1996	0.98494
1998	0.98562
2000	0.98463
2000.4	0.98476
2000.8	0.98482
2001.2	0.98479
2001.6	0.98476
2002	0.98476
2002.4	0.98473
2002.8	0.98476
2003.2	0.98473
2003.6	0.98463
2004	0.98456
2004.4	0.98453
2004.8	0.98453
2005.2	0.98456
2005.6	0.98463
2006	0.98473
2006.4	0.98476
2006.8	0.98476
2007.2	0.98476
2007.6	0.98473
2008	0.98466
2008.4	0.98466
2008.8	0.98459
2009.2	0.98453
2009.6	0.98446
2010.1	0.98446
2010.5	0.9845
2010.9	0.98456
2011.3	0.98463
2011.7	0.98463
2012.1	0.98459
2012.5	0.98459
2012.9	0.98463
2013.3	0.98459
2013.7	0.98463
2014.1	0.98463
2014.5	0.98466
2014.9	0.98473
2015.3	0.98479
2015.7	0.98492
2016.1	0.98499
2016.5	0.98499
2016.9	0.98486
2017.3	0.98469
2017.8	0.98456
2018.2	0.9844
2018.6	0.98436
2019	0.98436
2019.4	0.98443
2019.8	0.98446
2020.2	0.98453
2020.6	0.98463
2021	0.98463
2021.4	0.98463
2021.8	0.98459
2022.2	0.98456
2022.7	0.98463
2023.1	0.98463
2023.5	0.98466
2023.9	0.98466
2024.3	0.98459
2024.7	0.9845
2025.1	0.9845
2025.5	0.98456
2025.9	0.98473
2026.3	0.98492
2026.8	0.98509
2027.2	0.98519
2027.6	0.98525
2028	0.98525
2028.4	0.98519
2028.8	0.98512
2029.2	0.98499
2029.6	0.98489
2030	0.98482
2030.5	0.98476
2030.9	0.98473
2031.3	0.98469
2031.7	0.98469
2032.1	0.98469
2032.5	0.98466
2032.9	0.98463
2033.3	0.98459
2033.8	0.98463
2034.2	0.98463
2034.6	0.98463
2035	0.98463
2035.4	0.98456
2035.8	0.98456
2036.2	0.98463
2036.7	0.98473
2037.1	0.98482
2037.5	0.98496
2037.9	0.98499
2038.3	0.98502
2038.7	0.98499
2039.2	0.98489
2039.6	0.98473
2040	0.98459
2040.4	0.9845
2040.8	0.98446
2041.2	0.9845
2041.6	0.98456
2042.1	0.98463
2042.5	0.98469
2042.9	0.98476
2043.3	0.98479
2043.7	0.98479
2044.2	0.98482
2044.6	0.98486
2045	0.98486
2045.4	0.98492
2045.8	0.98492
2046.2	0.98486
2046.7	0.98479
2047.1	0.98473
2047.5	0.98463
2047.9	0.98456
2048.3	0.98453
2048.8	0.98453
2049.2	0.9845
2049.6	0.9845
2050	0.98453
2050.4	0.98463
2050.9	0.98473
2051.3	0.98479
2051.7	0.98479
2052.1	0.98469
2052.5	0.98466
2053	0.98456
2053.4	0.9845
2053.8	0.98443
2054.2	0.98433
2054.7	0.98423
2055.1	0.98427
2055.5	0.9843
2055.9	0.9844
2056.3	0.9845
2056.8	0.98459
2057.2	0.98466
2057.6	0.98469
2058	0.98466
2058.5	0.98463
2058.9	0.98459
2059.3	0.98463
2059.7	0.98473
2060.2	0.98482
2060.6	0.98489
2061	0.98486
2061.4	0.98476
2061.9	0.98466
2062.3	0.98456
2062.7	0.98463
2063.1	0.98476
2063.6	0.98489
2064	0.98489
2064.4	0.98489
2064.8	0.98476
2065.3	0.98466
2065.7	0.98459
2066.1	0.98456
2066.5	0.9845
2067	0.98443
2067.4	0.98433
2067.8	0.9843
2068.3	0.9844
2068.7	0.98453
2069.1	0.98473
2069.5	0.98486
2070	0.98489
2070.4	0.98492
2070.8	0.98492
2071.3	0.98496
2071.7	0.98499
2072.1	0.98492
2072.5	0.98486
2073	0.98476
2073.4	0.98466
2073.8	0.98459
2074.3	0.98453
2074.7	0.98446
2075.1	0.9844
2075.6	0.98436
2076	0.98436
2076.4	0.98443
2076.8	0.98446
2077.3	0.98456
2077.7	0.98463
2078.1	0.98473
2078.6	0.98476
2079	0.98479
2079.4	0.98473
2079.9	0.98469
2080.3	0.98456
2080.7	0.98453
2081.2	0.98453
2081.6	0.98459
2082	0.98456
2082.5	0.98459
2082.9	0.98453
2083.3	0.98446
2083.8	0.98443
2084.2	0.98446
2084.6	0.9845
2085.1	0.98456
2085.5	0.98463
2085.9	0.98466
2086.4	0.98463
2086.8	0.98469
2087.2	0.98476
2087.7	0.98482
2088.1	0.98482
2088.6	0.98476
2089	0.98473
2089.4	0.98469
2089.9	0.98469
2090.3	0.98469
2090.7	0.98473
2091.2	0.98473
2091.6	0.98473
2092.1	0.98469
2092.5	0.98469
2092.9	0.98463
2093.4	0.98459
2093.8	0.98456
2094.2	0.98459
2094.7	0.98456
2095.1	0.98456
2095.6	0.98456
2096	0.98456
2096.4	0.98466
2096.9	0.98473
2097.3	0.98486
2097.8	0.98492
2098.2	0.98492
2098.6	0.98492
2099.1	0.98492
2099.5	0.98489
2100	0.98489
2100.4	0.98492
2100.8	0.98496
2101.3	0.98496
2101.7	0.98489
2102.2	0.98486
2102.6	0.98476
2103	0.98473
2103.5	0.98469
2103.9	0.98466
2104.4	0.98463
2104.8	0.98456
2105.3	0.98453
2105.7	0.98456
2106.1	0.98463
2106.6	0.98476
2107	0.98492
2107.5	0.98489
2107.9	0.98486
2108.4	0.98479
2108.8	0.98469
2109.3	0.98466
2109.7	0.98466
2110.1	0.98473
2110.6	0.98479
2111	0.98482
2111.5	0.98486
2111.9	0.98482
2112.4	0.98476
2112.8	0.98473
2113.3	0.98473
2113.7	0.98473
2114.2	0.98476
2114.6	0.98482
2115.1	0.98482
2115.5	0.98476
2116	0.98469
2116.4	0.98463
2116.9	0.98463
2117.3	0.98466
2117.7	0.98476
2118.2	0.98486
2118.6	0.98492
2119.1	0.98499
2119.5	0.98489
2120	0.98482
2120.4	0.98473
2120.9	0.98463
2121.3	0.98453
2121.8	0.98443
2122.2	0.98443
2122.7	0.98446
2123.1	0.98446
2123.6	0.9845
2124	0.9845
2124.5	0.9845
2124.9	0.98456
2125.4	0.98463
2125.9	0.98469
2126.3	0.98479
2126.8	0.98482
2127.2	0.98482
2127.7	0.98479
2128.1	0.98479
2128.6	0.98476
2129	0.98476
2129.5	0.98479
2129.9	0.98476
2130.4	0.98476
2130.8	0.98476
2131.3	0.98479
2131.7	0.98479
2132.2	0.98482
2132.7	0.98486
2133.1	0.98486
2133.6	0.98486
2134	0.98489
2134.5	0.98486
2134.9	0.98479
2135.4	0.98476
2135.8	0.98473
2136.3	0.98473
2136.8	0.98473
2137.2	0.98473
2137.7	0.98469
2138.1	0.98469
2138.6	0.98476
2139	0.98479
2139.5	0.98479
2140	0.98479
2140.4	0.98479
2140.9	0.98473
2141.3	0.98469
2141.8	0.98466
2142.2	0.98463
2142.7	0.98463
2143.2	0.98463
2143.6	0.98466
2144.1	0.98466
2144.5	0.98473
2145	0.98476
2145.5	0.98476
2145.9	0.98476
2146.4	0.98473
2146.8	0.98466
2147.3	0.98459
2147.8	0.98453
2148.2	0.98456
2148.7	0.98463
2149.2	0.98476
2149.6	0.98489
2150.1	0.98492
2150.5	0.98492
2151	0.98489
2151.5	0.98473
2151.9	0.98466
2152.4	0.98453
2152.9	0.98453
2153.3	0.98456
2153.8	0.98456
2154.2	0.98466
2154.7	0.98469
2155.2	0.98482
2155.6	0.98489
2156.1	0.98492
2156.6	0.98496
2157	0.98492
2157.5	0.98479
2158	0.98469
2158.4	0.98459
2158.9	0.98459
2159.4	0.98456
2159.8	0.98453
2160.3	0.98453
2160.8	0.98463
2161.2	0.98469
2161.7	0.98479
2162.2	0.98479
2162.6	0.98479
2163.1	0.98476
2163.6	0.98473
2164	0.98473
2164.5	0.98476
2165	0.98486
2165.4	0.98496
2165.9	0.98502
2166.4	0.98499
2166.8	0.98492
2167.3	0.98482
2167.8	0.98473
2168.3	0.98466
2168.7	0.98463
2169.2	0.98469
2169.7	0.98479
2170.1	0.98496
2170.6	0.98499
2171.1	0.98502
2171.6	0.98496
2172	0.98486
2172.5	0.98476
2173	0.98476
2173.4	0.98482
2173.9	0.98482
2174.4	0.98476
2174.9	0.98469
2175.3	0.98463
2175.8	0.98459
2176.3	0.98466
2176.8	0.98469
2177.2	0.98469
2177.7	0.98466
2178.2	0.98466
2178.6	0.98466
2179.1	0.98466
2179.6	0.98476
2180.1	0.98486
2180.5	0.98496
2181	0.98496
2181.5	0.98492
2182	0.98482
2182.5	0.98473
2182.9	0.98469
2183.4	0.98466
2183.9	0.98463
2184.4	0.98459
2184.8	0.98459
2185.3	0.98456
2185.8	0.98463
2186.3	0.98466
2186.7	0.98473
2187.2	0.98466
2187.7	0.98466
2188.2	0.98463
2188.7	0.98463
2189.1	0.98473
2189.6	0.98482
2190.1	0.98489
2190.6	0.98492
2191.1	0.98492
2191.5	0.98486
2192	0.98482
2192.5	0.98482
2193	0.98479
2193.5	0.98479
2193.9	0.98482
2194.4	0.98479
2194.9	0.98469
2195.4	0.98466
2195.9	0.98466
2196.4	0.98466
2196.8	0.98479
2197.3	0.98489
2197.8	0.98499
2198.3	0.98502
2198.8	0.98506
2199.3	0.98499
2199.7	0.98499
2200.2	0.98502
2200.7	0.98499
2201.2	0.98492
2201.7	0.98486
2202.2	0.98486
2202.6	0.98486
2203.1	0.98492
2203.6	0.98499
2204.1	0.98506
2204.6	0.98509
2205.1	0.98509
2205.6	0.98499
2206	0.98489
2206.5	0.98482
2207	0.98469
2207.5	0.98459
2208	0.98453
2208.5	0.98446
2209	0.98446
2209.5	0.9845
2209.9	0.98456
2210.4	0.98466
2210.9	0.98469
2211.4	0.98473
2211.9	0.98476
2212.4	0.98479
2212.9	0.98482
2213.4	0.98486
2213.9	0.98486
2214.3	0.98492
2214.8	0.98492
2215.3	0.98496
2215.8	0.98496
2216.3	0.98489
2216.8	0.98482
2217.3	0.98479
2217.8	0.98482
2218.3	0.98486
2218.8	0.98489
2219.3	0.98492
2219.8	0.98496
2220.2	0.98492
2220.7	0.98492
2221.2	0.98496
2221.7	0.98496
2222.2	0.98496
2222.7	0.98492
2223.2	0.98489
2223.7	0.98482
2224.2	0.98486
2224.7	0.98492
2225.2	0.98499
2225.7	0.98506
2226.2	0.98506
2226.7	0.98506
2227.2	0.98496
2227.7	0.98492
2228.2	0.98482
2228.7	0.98473
2229.2	0.98473
2229.7	0.98466
2230.2	0.98466
2230.6	0.98463
2231.1	0.98456
2231.6	0.98459
2232.1	0.98463
2232.6	0.98469
2233.1	0.98476
2233.6	0.98479
2234.1	0.98486
2234.6	0.98489
2235.1	0.98486
2235.6	0.98486
2236.1	0.98479
2236.6	0.98469
2237.1	0.98466
2237.6	0.98463
2238.1	0.98463
2238.6	0.98463
2239.1	0.98463
2239.6	0.98463
2240.1	0.98466
2240.6	0.98469
2241.1	0.98476
2241.6	0.98479
2242.2	0.98476
2242.7	0.98473
2243.2	0.98473
2243.7	0.98479
2244.2	0.98479
2244.7	0.98492
2245.2	0.98496
2245.7	0.98502
2246.2	0.98502
2246.7	0.98496
2247.2	0.98492
2247.7	0.98496
2248.2	0.98492
2248.7	0.98499
2249.2	0.98499
2249.7	0.98499
2250.2	0.98496
2250.7	0.98492
2251.2	0.98489
2251.7	0.98486
2252.3	0.98489
2252.8	0.98496
2253.3	0.98502
2253.8	0.98509
2254.3	0.98509
2254.8	0.98509
2255.3	0.98502
2255.8	0.98496
2256.3	0.98489
2256.8	0.98482
2257.3	0.98479
2257.8	0.98482
2258.4	0.98492
2258.9	0.98499
2259.4	0.98506
2259.9	0.98506
2260.4	0.98502
2260.9	0.98496
2261.4	0.98496
2261.9	0.98492
2262.4	0.98492
2263	0.98482
2263.5	0.98479
2264	0.98473
2264.5	0.98473
2265	0.98473
2265.5	0.98476
2266	0.98473
2266.5	0.98473
2267.1	0.98479
2267.6	0.98486
2268.1	0.98492
2268.6	0.98496
2269.1	0.98496
2269.6	0.98496
2270.1	0.98502
2270.7	0.98509
2271.2	0.98509
2271.7	0.98502
2272.2	0.98499
2272.7	0.98489
2273.2	0.98492
2273.8	0.98489
2274.3	0.98486
2274.8	0.98482
2275.3	0.98479
2275.8	0.98476
2276.3	0.98479
2276.9	0.98489
2277.4	0.98496
2277.9	0.98499
2278.4	0.98499
2278.9	0.98502
2279.5	0.98506
2280	0.98502
2280.5	0.98499
2281	0.98489
2281.5	0.98479
2282.1	0.98479
2282.6	0.98482
2283.1	0.98489
2283.6	0.98489
2284.1	0.98486
2284.7	0.98482
2285.2	0.98479
2285.7	0.98476
2286.2	0.98476
2286.8	0.98473
2287.3	0.98469
2287.8	0.98473
2288.3	0.98479
2288.9	0.98489
2289.4	0.98492
2289.9	0.98499
2290.4	0.98496
2291	0.98492
2291.5	0.98489
2292	0.98486
2292.5	0.98482
2293.1	0.98486
2293.6	0.98489
2294.1	0.98492
2294.6	0.98486
2295.2	0.98479
2295.7	0.98473
2296.2	0.98476
2296.7	0.98479
2297.3	0.98482
2297.8	0.98482
2298.3	0.98482
2298.9	0.98479
2299.4	0.98476
2299.9	0.98479
2300.4	0.98486
2301	0.98492
2301.5	0.98496
2302	0.98496
2302.6	0.98499
2303.1	0.98499
2303.6	0.98502
2304.1	0.98502
2304.7	0.98499
2305.2	0.98499
2305.7	0.98496
2306.3	0.98492
2306.8	0.98489
2307.3	0.98482
2307.9	0.98479
2308.4	0.98473
2308.9	0.98473
2309.5	0.98473
2310	0.98476
2310.5	0.98479
2311.1	0.98479
2311.6	0.98476
2312.1	0.98479
2312.7	0.98486
2313.2	0.98492
2313.7	0.98492
2314.3	0.98489
2314.8	0.98489
2315.4	0.98486
2315.9	0.98479
2316.4	0.98469
2317	0.98466
2317.5	0.98463
2318	0.98463
2318.6	0.98466
2319.1	0.98476
2319.6	0.98492
2320.2	0.98496
2320.7	0.98502
2321.3	0.98502
2321.8	0.98499
2322.3	0.98496
2322.9	0.98492
2323.4	0.98489
2324	0.98489
2324.5	0.98482
2325	0.98486
2325.6	0.98479
2326.1	0.98476
2326.7	0.98476
2327.2	0.98479
2327.7	0.98482
2328.3	0.98489
2328.8	0.98489
2329.4	0.98492
2329.9	0.98499
2330.5	0.98499
2331	0.98496
2331.5	0.98492
2332.1	0.98486
2332.6	0.98479
2333.2	0.98479
2333.7	0.98476
2334.3	0.98473
2334.8	0.98466
2335.4	0.98463
2335.9	0.98459
2336.4	0.98466
2337	0.98469
2337.5	0.98476
2338.1	0.98476
2338.6	0.98473
2339.2	0.98473
2339.7	0.98473
2340.3	0.98479
2340.8	0.98482
2341.4	0.98486
2341.9	0.98486
2342.5	0.98479
2343	0.98466
2343.6	0.98463
2344.1	0.98469
2344.7	0.98473
2345.2	0.98473
2345.8	0.98469
2346.3	0.98466
2346.9	0.98459
2347.4	0.98466
2348	0.98469
2348.5	0.98479
2349.1	0.98482
2349.6	0.98476
2350.2	0.98476
2350.7	0.98473
2351.3	0.98466
2351.8	0.98473
2352.4	0.98486
2352.9	0.98492
2353.5	0.98499
2354	0.98502
2354.6	0.98502
2355.2	0.98499
2355.7	0.98496
2356.3	0.98496
2356.8	0.98492
2357.4	0.98486
2357.9	0.98476
2358.5	0.98473
2359	0.98473
2359.6	0.98476
2360.2	0.98479
2360.7	0.98489
2361.3	0.98489
2361.8	0.98492
2362.4	0.98496
2362.9	0.98499
2363.5	0.98502
2364.1	0.98502
2364.6	0.98506
2365.2	0.98499
2365.7	0.98496
2366.3	0.98492
2366.9	0.98486
2367.4	0.98482
2368	0.98486
2368.5	0.98486
2369.1	0.98489
2369.7	0.98486
2370.2	0.98486
2370.8	0.98486
2371.4	0.98486
2371.9	0.98482
2372.5	0.98486
2373	0.98489
2373.6	0.98492
2374.2	0.98506
2374.7	0.98519
2375.3	0.98522
2375.9	0.98519
2376.4	0.98515
2377	0.98515
2377.6	0.98509
2378.1	0.98499
2378.7	0.98486
2379.3	0.98479
2379.8	0.98469
2380.4	0.98473
2381	0.98476
2381.5	0.98486
2382.1	0.98489
2382.7	0.98492
2383.2	0.98489
2383.8	0.98492
2384.4	0.98489
2384.9	0.98482
2385.5	0.98486
2386.1	0.98489
2386.6	0.98492
2387.2	0.98492
2387.8	0.98496
2388.3	0.98489
2388.9	0.98486
2389.5	0.98482
2390.1	0.98482
2390.6	0.98489
2391.2	0.98489
2391.8	0.98492
2392.3	0.98496
2392.9	0.98499
2393.5	0.98502
2394.1	0.98502
2394.6	0.98512
2395.2	0.98512
2395.8	0.98509
2396.4	0.98499
2396.9	0.98492
2397.5	0.98489
2398.1	0.98492
2398.7	0.98496
2399.2	0.98509
2399.8	0.98515
2400.4	0.98522
2401	0.98519
2401.5	0.98509
2402.1	0.98502
2402.7	0.98499
2403.3	0.98492
2403.8	0.98489
2404.4	0.98489
2405	0.98486
2405.6	0.98482
2406.2	0.98482
2406.7	0.98479
2407.3	0.98476
2407.9	0.98479
2408.5	0.98479
2409.1	0.98479
2409.6	0.98479
2410.2	0.98479
2410.8	0.98479
2411.4	0.98482
2412	0.98492
2412.5	0.98496
2413.1	0.98496
2413.7	0.98496
2414.3	0.98492
2414.9	0.98492
2415.5	0.98492
2416	0.98489
2416.6	0.98482
2417.2	0.98486
2417.8	0.98489
2418.4	0.98492
2419	0.98499
2419.5	0.98496
2420.1	0.98489
2420.7	0.98482
2421.3	0.98482
2421.9	0.98486
2422.5	0.98482
2423.1	0.98486
2423.7	0.98486
2424.2	0.98489
2424.8	0.98489
2425.4	0.98489
2426	0.98486
2426.6	0.98486
2427.2	0.98489
2427.8	0.98492
2428.4	0.98496
2429	0.98499
2429.5	0.98502
2430.1	0.98499
2430.7	0.98496
2431.3	0.98496
2431.9	0.98496
2432.5	0.98492
2433.1	0.98489
2433.7	0.98486
2434.3	0.98482
2434.9	0.98479
2435.5	0.98476
2436.1	0.98479
2436.6	0.98479
2437.2	0.98482
2437.8	0.98489
2438.4	0.98489
2439	0.98496
2439.6	0.98496
2440.2	0.98489
2440.8	0.98486
2441.4	0.98479
2442	0.98479
2442.6	0.98476
2443.2	0.98479
2443.8	0.98486
2444.4	0.98492
2445	0.98496
2445.6	0.98506
2446.2	0.98509
2446.8	0.98506
2447.4	0.98506
2448	0.98506
2448.6	0.98499
2449.2	0.98496
2449.8	0.98492
2450.4	0.98492
2451	0.98492
2451.6	0.98492
2452.2	0.98486
2452.8	0.98482
2453.4	0.98476
2454	0.98476
2454.6	0.98476
2455.2	0.98479
2455.8	0.98479
2456.4	0.98476
2457	0.98476
2457.6	0.98476
2458.2	0.98479
2458.8	0.98482
2459.4	0.98486
2460	0.98489
2460.6	0.98489
2461.2	0.98492
2461.8	0.98496
2462.4	0.98499
2463.1	0.98506
2463.7	0.98506
2464.3	0.98506
2464.9	0.98502
2465.5	0.98499
2466.1	0.98496
2466.7	0.98499
2467.3	0.98499
2467.9	0.98499
2468.5	0.98489
2469.1	0.98489
2469.7	0.98489
2470.4	0.98496
2471	0.98499
2471.6	0.98506
2472.2	0.98502
2472.8	0.98499
2473.4	0.98499
2474	0.98496
2474.6	0.98499
2475.2	0.98499
2475.9	0.98502
2476.5	0.98502
2477.1	0.98499
2477.7	0.98496
2478.3	0.98492
2478.9	0.98486
2479.5	0.98482
2480.2	0.98479
2480.8	0.98479
2481.4	0.98489
2482	0.98496
2482.6	0.98502
2483.2	0.98502
2483.9	0.98499
2484.5	0.98492
2485.1	0.98486
2485.7	0.98482
2486.3	0.98486
2486.9	0.98489
2487.6	0.98496
2488.2	0.98499
2488.8	0.98499
2489.4	0.98502
2490	0.98502
2490.7	0.98506
2491.3	0.98502
2491.9	0.98499
2492.5	0.98492
2493.1	0.98492
2493.8	0.98492
2494.4	0.98499
2495	0.98502
2495.6	0.98509
2496.3	0.98512
2496.9	0.98515
2497.5	0.98515
2498.1	0.98515
2498.8	0.98509
2499.4	0.98509
2500	0.98506
2500.6	0.98502
2501.3	0.98499
2501.9	0.98492
2502.5	0.98492
2503.1	0.98496
2503.8	0.98499
2504.4	0.98499
2505	0.98502
2505.6	0.98509
2506.3	0.98509
2506.9	0.98512
2507.5	0.98506
2508.2	0.98506
2508.8	0.98496
2509.4	0.98489
2510	0.98479
2510.7	0.98476
2511.3	0.98476
2511.9	0.98476
2512.6	0.98479
2513.2	0.98486
2513.8	0.98492
2514.5	0.98496
2515.1	0.98502
2515.7	0.98502
2516.4	0.98502
2517	0.98506
2517.6	0.98506
2518.3	0.98499
2518.9	0.98499
2519.5	0.98499
2520.2	0.98499
2520.8	0.98502
2521.4	0.98502
2522.1	0.98499
2522.7	0.98502
2523.3	0.98502
2524	0.98502
2524.6	0.98506
2525.3	0.98502
2525.9	0.98496
2526.5	0.98489
2527.2	0.98479
2527.8	0.98479
2528.4	0.98479
2529.1	0.98479
2529.7	0.98476
2530.4	0.98469
2531	0.98463
2531.6	0.98469
2532.3	0.98476
2532.9	0.98486
2533.6	0.98492
2534.2	0.98496
2534.9	0.98492
2535.5	0.98489
2536.1	0.98486
2536.8	0.98486
2537.4	0.98486
2538.1	0.98489
2538.7	0.98492
2539.4	0.98496
2540	0.98492
2540.7	0.98486
2541.3	0.98476
2541.9	0.98466
2542.6	0.98463
2543.2	0.98466
2543.9	0.98473
2544.5	0.98473
2545.2	0.98473
2545.8	0.98469
2546.5	0.98469
2547.1	0.98473
2547.8	0.98482
2548.4	0.98486
2549.1	0.98486
2549.7	0.98479
2550.4	0.98469
2551	0.98463
2551.7	0.98459
2552.3	0.98466
2553	0.98476
2553.6	0.98489
2554.3	0.98499
2554.9	0.98506
2555.6	0.98509
2556.2	0.98512
2556.9	0.98506
2557.5	0.98496
2558.2	0.98482
2558.9	0.98469
2559.5	0.98453
2560.2	0.98433
2560.8	0.98423
2561.5	0.98413
2562.1	0.98413
2562.8	0.98423
2563.4	0.98433
2564.1	0.98453
2564.8	0.98476
2565.4	0.98489
2566.1	0.98499
2566.7	0.98492
2567.4	0.98479
2568.1	0.98466
2568.7	0.98456
2569.4	0.98459
2570	0.98466
2570.7	0.98469
2571.4	0.98459
2572	0.98446
2572.7	0.98436
2573.3	0.98433
2574	0.98443
2574.7	0.98446
2575.3	0.9844
2576	0.9844
2576.7	0.98446
2577.3	0.98466
2578	0.98482
2578.6	0.98482
2579.3	0.98476
2580	0.98459
2580.6	0.98443
2581.3	0.98433
2582	0.98417
2582.6	0.984
2583.3	0.98403
2584	0.9841
2584.6	0.98423
2585.3	0.98427
2586	0.98423
2586.7	0.98417
2587.3	0.98417
2588	0.9843
2588.7	0.98446
2589.3	0.98456
2590	0.98463
2590.7	0.98459
2591.3	0.98446
2592	0.98423
2592.7	0.9839
2593.4	0.98351
2594	0.98331
2594.7	0.98341
2595.4	0.9838
2596.1	0.98427
2596.7	0.98456
2597.4	0.98482
2598.1	0.98492
2598.8	0.98496
2599.4	0.98492
2600.1	0.98482
2600.8	0.98469
2601.5	0.98456
2602.1	0.98443
2602.8	0.98427
2603.5	0.98407
2604.2	0.98387
2604.8	0.98374
2605.5	0.98377
2606.2	0.98394
2606.9	0.9841
2607.6	0.98423
2608.2	0.9844
2608.9	0.9845
2609.6	0.98456
2610.3	0.98466
2611	0.98473
2611.6	0.98469
2612.3	0.98466
2613	0.9845
2613.7	0.98436
2614.4	0.98417
2615.1	0.98394
2615.7	0.98377
2616.4	0.98377
2617.1	0.98394
2617.8	0.9841
2618.5	0.9842
2619.2	0.98417
2619.9	0.9842
2620.5	0.9844
2621.2	0.98459
2621.9	0.98482
2622.6	0.98492
2623.3	0.98489
2624	0.98476
2624.7	0.98456
2625.4	0.98443
2626.1	0.9843
2626.7	0.98427
2627.4	0.9843
2628.1	0.98413
2628.8	0.9839
2629.5	0.98371
2630.2	0.98377
2630.9	0.984
2631.6	0.9843
2632.3	0.98446
2633	0.98459
2633.7	0.98473
2634.4	0.98486
2635	0.98502
2635.7	0.98509
2636.4	0.98512
2637.1	0.98506
2637.8	0.98506
2638.5	0.98506
2639.2	0.98499
2639.9	0.98492
2640.6	0.98486
2641.3	0.98476
2642	0.98482
2642.7	0.98482
2643.4	0.98486
2644.1	0.98479
2644.8	0.98463
2645.5	0.98453
2646.2	0.98459
2646.9	0.98466
2647.6	0.98476
2648.3	0.98489
2649	0.98492
2649.7	0.98489
2650.4	0.98476
2651.1	0.98463
2651.8	0.98446
2652.5	0.98443
2653.2	0.98446
2653.9	0.98443
2654.6	0.98443
2655.3	0.98446
2656	0.98453
2656.7	0.98453
2657.5	0.9845
2658.2	0.98443
2658.9	0.98436
2659.6	0.98436
2660.3	0.9844
2661	0.98443
2661.7	0.98436
2662.4	0.98423
2663.1	0.984
2663.8	0.98371
2664.5	0.98344
2665.2	0.98338
2666	0.98344
2666.7	0.98357
2667.4	0.98371
2668.1	0.98361
2668.8	0.98351
2669.5	0.98341
2670.2	0.98357
2670.9	0.98394
2671.7	0.98423
2672.4	0.9844
2673.1	0.98427
2673.8	0.9841
2674.5	0.9838
2675.2	0.98344
2675.9	0.98318
2676.7	0.98298
2677.4	0.98301
2678.1	0.98311
2678.8	0.98338
2679.5	0.98364
2680.2	0.9838
2681	0.9839
2681.7	0.9839
2682.4	0.98387
2683.1	0.9838
2683.8	0.98384
2684.6	0.98384
2685.3	0.98394
2686	0.98403
2686.7	0.98417
2687.4	0.98427
2688.2	0.98436
2688.9	0.9845
2689.6	0.98456
2690.3	0.98456
2691.1	0.9845
2691.8	0.9843
2692.5	0.9841
2693.2	0.98387
2694	0.98377
2694.7	0.98371
2695.4	0.9838
2696.1	0.98397
2696.9	0.98413
2697.6	0.98423
2698.3	0.98433
2699.1	0.98433
2699.8	0.98427
2700.5	0.98427
2701.2	0.9843
2702	0.9844
2702.7	0.98446
2703.4	0.98446
2704.2	0.98446
2704.9	0.98443
2705.6	0.98436
2706.4	0.98433
2707.1	0.98417
2707.8	0.98397
2708.6	0.98371
2709.3	0.98361
2710	0.98364
2710.8	0.98387
2711.5	0.98417
2712.2	0.98443
2713	0.98466
2713.7	0.98473
2714.4	0.98476
2715.2	0.98476
2715.9	0.98476
2716.7	0.98469
2717.4	0.98453
2718.1	0.98423
2718.9	0.98384
2719.6	0.98357
2720.3	0.98357
2721.1	0.98384
2721.8	0.98413
2722.6	0.9842
2723.3	0.98417
2724.1	0.9841
2724.8	0.98417
2725.5	0.98436
2726.3	0.98466
2727	0.98486
2727.8	0.98496
2728.5	0.98499
2729.3	0.98496
2730	0.98496
2730.7	0.98496
2731.5	0.98492
2732.2	0.98486
2733	0.98476
2733.7	0.98459
2734.5	0.98456
2735.2	0.9845
2736	0.98446
2736.7	0.9843
2737.5	0.984
2738.2	0.98364
2739	0.98334
2739.7	0.98328
2740.5	0.98351
2741.2	0.9839
2742	0.98433
2742.7	0.98463
2743.5	0.98482
2744.2	0.98489
2745	0.98492
2745.7	0.98489
2746.5	0.98486
2747.3	0.98482
2748	0.98476
2748.8	0.98476
2749.5	0.98469
2750.3	0.98463
2751	0.98453
2751.8	0.9844
2752.5	0.9842
2753.3	0.98394
2754.1	0.98367
2754.8	0.98357
2755.6	0.98374
2756.3	0.98407
2757.1	0.98436
2757.9	0.98456
2758.6	0.98459
2759.4	0.98453
2760.1	0.98436
2760.9	0.9842
2761.7	0.98403
2762.4	0.984
2763.2	0.9841
2764	0.98423
2764.7	0.98436
2765.5	0.98443
2766.3	0.9844
2767	0.9844
2767.8	0.98446
2768.5	0.98446
2769.3	0.98443
2770.1	0.9844
2770.9	0.98436
2771.6	0.98436
2772.4	0.98443
2773.2	0.98453
2773.9	0.98456
2774.7	0.98453
2775.5	0.98446
2776.2	0.98436
2777	0.9843
2777.8	0.98427
2778.5	0.9843
2779.3	0.9843
2780.1	0.98436
2780.9	0.98433
2781.6	0.98436
2782.4	0.98446
2783.2	0.98453
2784	0.98453
2784.7	0.98446
2785.5	0.98436
2786.3	0.98423
2787.1	0.9842
2787.8	0.9843
2788.6	0.98446
2789.4	0.98466
2790.2	0.98479
2791	0.98489
2791.7	0.98492
2792.5	0.98489
2793.3	0.98489
2794.1	0.98489
2794.9	0.98489
2795.6	0.98499
2796.4	0.98502
2797.2	0.98506
2798	0.98509
2798.8	0.98502
2799.6	0.98496
2800.3	0.98479
2801.1	0.98463
2801.9	0.98443
2802.7	0.98436
2803.5	0.98436
2804.3	0.98459
2805	0.98473
2805.8	0.98486
2806.6	0.98489
2807.4	0.98492
2808.2	0.98489
2809	0.98492
2809.8	0.98492
2810.6	0.98496
2811.4	0.98496
2812.1	0.98496
2812.9	0.98492
2813.7	0.98492
2814.5	0.98492
2815.3	0.98492
2816.1	0.98492
2816.9	0.98492
2817.7	0.98489
2818.5	0.98486
2819.3	0.98482
2820.1	0.98482
2820.9	0.98492
2821.7	0.98499
2822.5	0.98506
2823.3	0.98512
2824.1	0.98506
2824.9	0.98502
2825.7	0.98499
2826.5	0.98502
2827.3	0.98502
2828.1	0.98512
2828.9	0.98515
2829.7	0.98515
2830.5	0.98512
2831.3	0.98506
2832.1	0.98499
2832.9	0.98489
2833.7	0.98486
2834.5	0.98482
2835.3	0.98482
2836.1	0.98482
2836.9	0.98482
2837.7	0.98489
2838.5	0.98496
2839.3	0.98502
2840.1	0.98512
2840.9	0.98519
2841.7	0.98525
2842.5	0.98525
2843.3	0.98519
2844.1	0.98509
2845	0.98502
2845.8	0.98499
2846.6	0.98492
2847.4	0.98496
2848.2	0.98502
2849	0.98499
2849.8	0.98499
2850.6	0.98492
2851.4	0.98486
2852.3	0.98482
2853.1	0.98479
2853.9	0.98486
2854.7	0.98489
2855.5	0.98499
2856.3	0.98506
2857.1	0.98512
2858	0.98515
2858.8	0.98515
2859.6	0.98515
2860.4	0.98519
2861.2	0.98519
2862	0.98522
2862.9	0.98522
2863.7	0.98519
2864.5	0.98512
2865.3	0.98512
2866.2	0.98506
2867	0.98502
2867.8	0.98502
2868.6	0.98499
2869.4	0.98492
2870.3	0.98489
2871.1	0.98492
2871.9	0.98502
2872.7	0.98512
2873.6	0.98515
2874.4	0.98519
2875.2	0.98515
2876	0.98502
2876.9	0.98499
2877.7	0.98496
2878.5	0.98496
2879.4	0.98499
2880.2	0.98502
2881	0.98506
2881.8	0.98509
2882.7	0.98512
2883.5	0.98512
2884.3	0.98512
2885.2	0.98512
2886	0.98515
2886.8	0.98512
2887.7	0.98509
2888.5	0.98506
2889.3	0.98506
2890.2	0.98509
2891	0.98512
2891.8	0.98509
2892.7	0.98509
2893.5	0.98509
2894.4	0.98502
2895.2	0.98502
2896	0.98502
2896.9	0.98502
2897.7	0.98502
2898.6	0.98499
2899.4	0.98499
2900.2	0.98496
2901.1	0.98499
2901.9	0.98499
2902.8	0.98502
2903.6	0.98506
2904.4	0.98512
2905.3	0.98519
2906.1	0.98519
2907	0.98519
2907.8	0.98515
2908.7	0.98512
2909.5	0.98512
2910.4	0.98512
2911.2	0.98512
2912.1	0.98509
2912.9	0.98506
2913.8	0.98499
2914.6	0.98496
2915.5	0.98496
2916.3	0.98499
2917.2	0.98509
2918	0.98515
2918.9	0.98515
2919.7	0.98512
2920.6	0.98502
2921.4	0.98492
2922.3	0.98489
2923.1	0.98482
2924	0.98489
2924.8	0.98499
2925.7	0.98506
2926.5	0.98509
2927.4	0.98512
2928.3	0.98509
2929.1	0.98515
2930	0.98519
2930.8	0.98525
2931.7	0.98525
2932.6	0.98525
2933.4	0.98522
2934.3	0.98522
2935.1	0.98522
2936	0.98522
2936.9	0.98519
2937.7	0.98519
2938.6	0.98509
2939.4	0.98502
2940.3	0.98502
2941.2	0.98506
2942	0.98512
2942.9	0.98512
2943.8	0.98515
2944.6	0.98519
2945.5	0.98522
2946.4	0.98529
2947.2	0.98529
2948.1	0.98529
2949	0.98522
2949.9	0.98519
2950.7	0.98515
2951.6	0.98512
2952.5	0.98512
2953.3	0.98512
2954.2	0.98512
2955.1	0.98509
2956	0.98509
2956.8	0.98509
2957.7	0.98515
2958.6	0.98515
2959.5	0.98519
2960.3	0.98519
2961.2	0.98515
2962.1	0.98515
2963	0.98515
2963.8	0.98515
2964.7	0.98512
2965.6	0.98512
2966.5	0.98509
2967.4	0.98512
2968.2	0.98512
2969.1	0.98509
2970	0.98506
2970.9	0.98502
2971.8	0.98506
2972.7	0.98509
2973.5	0.98509
2974.4	0.98512
2975.3	0.98512
2976.2	0.98509
2977.1	0.98506
2978	0.98502
2978.9	0.98506
2979.7	0.98509
2980.6	0.98515
2981.5	0.98519
2982.4	0.98522
2983.3	0.98522
2984.2	0.98519
2985.1	0.98519
2986	0.98515
2986.9	0.98519
2987.8	0.98519
2988.6	0.98522
2989.5	0.98522
2990.4	0.98515
2991.3	0.98515
2992.2	0.98512
2993.1	0.98509
2994	0.98502
2994.9	0.98496
2995.8	0.98496
2996.7	0.98496
2997.6	0.98496
2998.5	0.98492
2999.4	0.98496
3000.3	0.98499
3001.2	0.98506
3002.1	0.98506
3003	0.98506
3003.9	0.98506
3004.8	0.98509
3005.7	0.98512
3006.6	0.98515
3007.5	0.98522
3008.4	0.98519
3009.3	0.98525
3010.2	0.98522
3011.1	0.98519
3012	0.98519
3013	0.98519
3013.9	0.98515
3014.8	0.98519
3015.7	0.98515
3016.6	0.98512
3017.5	0.98515
3018.4	0.98515
3019.3	0.98515
3020.2	0.98515
3021.1	0.98515
3022.1	0.98515
3023	0.98515
3023.9	0.98515
3024.8	0.98512
3025.7	0.98512
3026.6	0.98509
3027.6	0.98506
3028.5	0.98499
3029.4	0.98496
3030.3	0.98496
3031.2	0.98496
3032.1	0.98499
3033.1	0.98502
3034	0.98506
3034.9	0.98506
3035.8	0.98502
3036.7	0.98506
3037.7	0.98502
3038.6	0.98506
3039.5	0.98506
3040.4	0.98506
3041.4	0.98509
3042.3	0.98502
3043.2	0.98506
3044.1	0.98499
3045.1	0.98499
3046	0.98502
3046.9	0.98506
3047.9	0.98512
3048.8	0.98509
3049.7	0.98506
3050.6	0.98502
3051.6	0.98499
3052.5	0.98499
3053.4	0.98502
3054.4	0.98502
3055.3	0.98509
3056.2	0.98512
3057.2	0.98512
3058.1	0.98515
3059	0.98509
3060	0.98506
3060.9	0.98506
3061.8	0.98506
3062.8	0.98512
3063.7	0.98512
3064.7	0.98512
3065.6	0.98512
3066.5	0.98509
3067.5	0.98506
3068.4	0.98499
3069.4	0.98502
3070.3	0.98506
3071.3	0.98509
3072.2	0.98515
3073.1	0.98515
3074.1	0.98519
3075	0.98515
3076	0.98512
3076.9	0.98512
3077.9	0.98509
3078.8	0.98512
3079.8	0.98512
3080.7	0.98512
3081.7	0.98519
3082.6	0.98522
3083.6	0.98529
3084.5	0.98532
3085.5	0.98535
3086.4	0.98535
3087.4	0.98525
3088.3	0.98519
3089.3	0.98512
3090.2	0.98509
3091.2	0.98509
3092.1	0.98509
3093.1	0.98509
3094.1	0.98509
3095	0.98509
3096	0.98512
3096.9	0.98509
3097.9	0.98506
3098.9	0.98506
3099.8	0.98502
3100.8	0.98499
3101.7	0.98496
3102.7	0.98506
3103.7	0.98509
3104.6	0.98519
3105.6	0.98515
3106.6	0.98519
3107.5	0.98519
3108.5	0.98519
3109.5	0.98522
3110.4	0.98525
3111.4	0.98529
3112.4	0.98529
3113.3	0.98522
3114.3	0.98522
3115.3	0.98525
3116.2	0.98532
3117.2	0.98532
3118.2	0.98532
3119.2	0.98529
3120.1	0.98525
3121.1	0.98519
3122.1	0.98509
3123	0.98509
3124	0.98509
3125	0.98512
3126	0.98515
3127	0.98515
3127.9	0.98515
3128.9	0.98515
3129.9	0.98519
3130.9	0.98519
3131.9	0.98522
3132.8	0.98522
3133.8	0.98522
3134.8	0.98525
3135.8	0.98519
3136.8	0.98515
3137.7	0.98512
3138.7	0.98512
3139.7	0.98512
3140.7	0.98512
3141.7	0.98509
3142.7	0.98506
3143.7	0.98509
3144.7	0.98509
3145.6	0.98506
3146.6	0.98499
3147.6	0.98502
3148.6	0.98502
3149.6	0.98506
3150.6	0.98512
3151.6	0.98519
3152.6	0.98515
3153.6	0.98515
3154.6	0.98512
3155.6	0.98509
3156.6	0.98515
3157.6	0.98515
3158.6	0.98522
3159.6	0.98525
3160.6	0.98522
3161.6	0.98515
3162.6	0.98512
3163.6	0.98509
3164.6	0.98506
3165.6	0.98499
3166.6	0.98496
3167.6	0.98492
3168.6	0.98496
3169.6	0.98502
3170.6	0.98509
3171.6	0.98522
3172.6	0.98532
3173.6	0.98535
3174.6	0.98535
3175.6	0.98532
3176.6	0.98525
3177.6	0.98522
3178.6	0.98515
3179.7	0.98519
3180.7	0.98525
3181.7	0.98529
3182.7	0.98532
3183.7	0.98529
3184.7	0.98525
3185.7	0.98522
3186.7	0.98519
3187.8	0.98515
3188.8	0.98519
3189.8	0.98522
3190.8	0.98522
3191.8	0.98525
3192.8	0.98525
3193.9	0.98525
3194.9	0.98525
3195.9	0.98525
3196.9	0.98525
3198	0.98522
3199	0.98515
3200	0.98515
3201	0.98519
3202	0.98522
3203.1	0.98525
3204.1	0.98532
3205.1	0.98532
3206.2	0.98529
3207.2	0.98522
3208.2	0.98515
3209.2	0.98506
3210.3	0.98502
3211.3	0.98502
3212.3	0.98502
3213.4	0.98509
3214.4	0.98512
3215.4	0.98512
3216.5	0.98509
3217.5	0.98506
3218.5	0.98512
3219.6	0.98512
3220.6	0.98515
3221.6	0.98522
3222.7	0.98519
3223.7	0.98512
3224.8	0.98506
3225.8	0.98499
3226.8	0.98499
3227.9	0.98502
3228.9	0.98506
3230	0.98509
3231	0.98509
3232.1	0.98515
3233.1	0.98519
3234.2	0.98515
3235.2	0.98515
3236.2	0.98512
3237.3	0.98512
3238.3	0.98512
3239.4	0.98512
3240.4	0.98509
3241.5	0.98509
3242.5	0.98515
3243.6	0.98512
3244.6	0.98512
3245.7	0.98512
3246.8	0.98512
3247.8	0.98506
3248.9	0.98506
3249.9	0.98506
3251	0.98506
3252	0.98506
3253.1	0.98509
3254.1	0.98506
3255.2	0.98506
3256.3	0.98509
3257.3	0.98512
3258.4	0.98515
3259.5	0.98512
3260.5	0.98515
3261.6	0.98519
3262.6	0.98519
3263.7	0.98515
3264.8	0.98515
3265.8	0.98519
3266.9	0.98515
3268	0.98512
3269	0.98509
3270.1	0.98509
3271.2	0.98506
3272.3	0.98502
3273.3	0.98502
3274.4	0.98499
3275.5	0.98496
3276.5	0.98499
3277.6	0.98506
3278.7	0.98515
3279.8	0.98522
3280.8	0.98529
3281.9	0.98532
3283	0.98529
3284.1	0.98529
3285.2	0.98529
3286.2	0.98525
3287.3	0.98525
3288.4	0.98525
3289.5	0.98519
3290.6	0.98515
3291.6	0.98519
3292.7	0.98519
3293.8	0.98525
3294.9	0.98532
3296	0.98535
3297.1	0.98535
3298.2	0.98535
3299.2	0.98529
3300.3	0.98529
3301.4	0.98525
3302.5	0.98529
3303.6	0.98529
3304.7	0.98522
3305.8	0.98522
3306.9	0.98519
3308	0.98515
3309.1	0.98515
3310.2	0.98515
3311.3	0.98515
3312.4	0.98512
3313.5	0.98502
3314.6	0.98502
3315.6	0.98499
3316.7	0.98499
3317.9	0.98502
3319	0.98502
3320.1	0.98502
3321.2	0.98506
3322.3	0.98512
3323.4	0.98519
3324.5	0.98519
3325.6	0.98522
3326.7	0.98519
3327.8	0.98519
3328.9	0.98515
3330	0.98515
3331.1	0.98512
3332.2	0.98506
3333.3	0.98506
3334.4	0.98506
3335.6	0.98506
3336.7	0.98509
3337.8	0.98515
3338.9	0.98512
3340	0.98515
3341.1	0.98515
3342.2	0.98515
3343.4	0.98519
3344.5	0.98522
3345.6	0.98522
3346.7	0.98519
3347.8	0.98512
3349	0.98506
3350.1	0.98502
3351.2	0.98502
3352.3	0.98499
3353.5	0.98499
3354.6	0.98499
3355.7	0.98502
3356.8	0.98509
3358	0.98515
3359.1	0.98522
3360.2	0.98525
3361.3	0.98525
3362.5	0.98522
3363.6	0.98522
3364.7	0.98515
3365.9	0.98515
3367	0.98512
3368.1	0.98515
3369.3	0.98515
3370.4	0.98519
3371.5	0.98525
3372.7	0.98525
3373.8	0.98529
3375	0.98522
3376.1	0.98522
3377.2	0.98519
3378.4	0.98519
3379.5	0.98519
3380.7	0.98519
3381.8	0.98519
3382.9	0.98515
3384.1	0.98509
3385.2	0.98512
3386.4	0.98515
3387.5	0.98522
3388.7	0.98529
3389.8	0.98532
3391	0.98535
3392.1	0.98532
3393.3	0.98532
3394.4	0.98529
3395.6	0.98525
3396.7	0.98525
3397.9	0.98525
3399	0.98529
3400.2	0.98529
3401.4	0.98525
3402.5	0.98525
3403.7	0.98519
3404.8	0.98515
3406	0.98512
3407.2	0.98519
3408.3	0.98525
3409.5	0.98525
3410.6	0.98525
3411.8	0.98522
3413	0.98519
3414.1	0.98519
3415.3	0.98519
3416.5	0.98522
3417.6	0.98525
3418.8	0.98525
3420	0.98525
3421.1	0.98525
3422.3	0.98522
3423.5	0.98525
3424.7	0.98522
3425.8	0.98522
3427	0.98519
3428.2	0.98512
3429.4	0.98512
3430.5	0.98512
3431.7	0.98512
3432.9	0.98519
3434.1	0.98519
3435.2	0.98522
3436.4	0.98519
3437.6	0.98515
3438.8	0.98515
3440	0.98519
3441.2	0.98525
3442.3	0.98532
3443.5	0.98538
3444.7	0.98538
3445.9	0.98532
3447.1	0.98529
3448.3	0.98519
3449.5	0.98515
3450.7	0.98515
3451.8	0.98522
3453	0.98529
3454.2	0.98532
3455.4	0.98532
3456.6	0.98532
3457.8	0.98532
3459	0.98525
3460.2	0.98522
3461.4	0.98519
3462.6	0.98512
3463.8	0.98509
3465	0.98509
3466.2	0.98509
3467.4	0.98509
3468.6	0.98512
3469.8	0.98512
3471	0.98515
3472.2	0.98515
3473.4	0.98519
3474.6	0.98515
3475.8	0.98515
3477.1	0.98512
3478.3	0.98519
3479.5	0.98519
3480.7	0.98515
3481.9	0.98519
3483.1	0.98519
3484.3	0.98515
3485.5	0.98522
3486.8	0.98522
3488	0.98525
3489.2	0.98525
3490.4	0.98525
3491.6	0.98525
3492.8	0.98529
3494.1	0.98529
3495.3	0.98532
3496.5	0.98529
3497.7	0.98529
3499	0.98529
3500.2	0.98519
3501.4	0.98512
3502.6	0.98509
3503.9	0.98506
3505.1	0.98506
3506.3	0.98512
3507.5	0.98519
3508.8	0.98525
3510	0.98529
3511.2	0.98525
3512.5	0.98525
3513.7	0.98529
3514.9	0.98525
3516.2	0.98522
3517.4	0.98525
3518.6	0.98525
3519.9	0.98529
3521.1	0.98529
3522.4	0.98538
3523.6	0.98535
3524.9	0.98535
3526.1	0.98532
3527.3	0.98529
3528.6	0.98529
3529.8	0.98525
3531.1	0.98522
3532.3	0.98522
3533.6	0.98515
3534.8	0.98515
3536.1	0.98515
3537.3	0.98519
3538.6	0.98525
3539.8	0.98529
3541.1	0.98529
3542.3	0.98529
3543.6	0.98532
3544.8	0.98529
3546.1	0.98532
3547.4	0.98529
3548.6	0.98522
3549.9	0.98519
3551.1	0.98512
3552.4	0.98506
3553.7	0.98506
3554.9	0.98512
3556.2	0.98512
3557.5	0.98515
3558.7	0.98512
3560	0.98512
3561.3	0.98509
3562.5	0.98509
3563.8	0.98512
3565.1	0.98515
3566.3	0.98515
3567.6	0.98515
3568.9	0.98512
3570.2	0.98512
3571.4	0.98512
3572.7	0.98519
3574	0.98522
3575.3	0.98532
3576.5	0.98535
3577.8	0.98538
3579.1	0.98535
3580.4	0.98532
3581.7	0.98529
3582.9	0.98525
3584.2	0.98525
3585.5	0.98525
3586.8	0.98529
3588.1	0.98529
3589.4	0.98529
3590.7	0.98525
3592	0.98519
3593.2	0.98512
3594.5	0.98512
3595.8	0.98506
3597.1	0.98509
3598.4	0.98509
3599.7	0.98512
3601	0.98515
3602.3	0.98519
3603.6	0.98525
3604.9	0.98529
3606.2	0.98522
3607.5	0.98525
3608.8	0.98519
3610.1	0.98519
3611.4	0.98519
3612.7	0.98519
3614	0.98519
3615.3	0.98519
3616.6	0.98519
3617.9	0.98512
3619.3	0.98509
3620.6	0.98512
3621.9	0.98509
3623.2	0.98509
3624.5	0.98509
3625.8	0.98509
3627.1	0.98515
3628.4	0.98519
3629.8	0.98522
3631.1	0.98529
3632.4	0.98529
3633.7	0.98532
3635	0.98529
3636.4	0.98529
3637.7	0.98529
3639	0.98525
3640.3	0.98522
3641.7	0.98522
3643	0.98522
3644.3	0.98522
3645.6	0.98522
3647	0.98519
3648.3	0.98515
3649.6	0.98515
3651	0.98515
3652.3	0.98519
3653.6	0.98519
3655	0.98522
3656.3	0.98519
3657.6	0.98512
3659	0.98506
3660.3	0.98502
3661.7	0.98506
3663	0.98509
3664.3	0.98515
3665.7	0.98512
3667	0.98509
3668.4	0.98506
3669.7	0.98502
3671.1	0.98502
3672.4	0.98509
3673.8	0.98512
3675.1	0.98519
3676.5	0.98519
3677.8	0.98525
3679.2	0.98529
3680.5	0.98529
3681.9	0.98529
3683.2	0.98532
3684.6	0.98529
3686	0.98532
3687.3	0.98529
3688.7	0.98522
3690	0.98519
3691.4	0.98515
3692.8	0.98515
3694.1	0.98515
3695.5	0.98519
3696.9	0.98525
3698.2	0.98525
3699.6	0.98529
3701	0.98529
3702.3	0.98529
3703.7	0.98529
3705.1	0.98522
3706.4	0.98519
3707.8	0.98519
3709.2	0.98519
3710.6	0.98519
3712	0.98515
3713.3	0.98512
3714.7	0.98509
3716.1	0.98509
3717.5	0.98512
3718.9	0.98515
3720.2	0.98515
3721.6	0.98519
3723	0.98519
3724.4	0.98519
3725.8	0.98522
3727.2	0.98525
3728.6	0.98522
3730	0.98522
3731.3	0.98519
3732.7	0.98519
3734.1	0.98519
3735.5	0.98525
3736.9	0.98532
3738.3	0.98538
3739.7	0.98548
3741.1	0.98552
3742.5	0.98552
3743.9	0.98545
3745.3	0.98538
3746.7	0.98529
3748.1	0.98522
3749.5	0.98519
3750.9	0.98519
3752.3	0.98525
3753.8	0.98525
3755.2	0.98522
3756.6	0.98522
3758	0.98522
3759.4	0.98522
3760.8	0.98522
3762.2	0.98525
3763.6	0.98529
3765.1	0.98529
3766.5	0.98529
3767.9	0.98529
3769.3	0.98525
3770.7	0.98522
3772.2	0.98519
3773.6	0.98519
3775	0.98515
3776.4	0.98512
3777.9	0.98512
3779.3	0.98509
3780.7	0.98509
3782.1	0.98509
3783.6	0.98515
3785	0.98515
3786.4	0.98519
3787.9	0.98522
3789.3	0.98525
3790.8	0.98525
3792.2	0.98532
3793.6	0.98532
3795.1	0.98532
3796.5	0.98535
3797.9	0.98538
3799.4	0.98535
3800.8	0.98535
3802.3	0.98532
3803.7	0.98529
3805.2	0.98529
3806.6	0.98525
3808.1	0.98525
3809.5	0.98525
3811	0.98522
3812.4	0.98522
3813.9	0.98522
3815.3	0.98522
3816.8	0.98522
3818.3	0.98522
3819.7	0.98522
3821.2	0.98522
3822.6	0.98522
3824.1	0.98522
3825.6	0.98522
3827	0.98512
3828.5	0.98509
3830	0.98502
3831.4	0.98499
3832.9	0.98502
3834.4	0.98502
3835.8	0.98509
3837.3	0.98515
3838.8	0.98519
3840.2	0.98519
3841.7	0.98522
3843.2	0.98522
3844.7	0.98525
3846.2	0.98522
3847.6	0.98522
3849.1	0.98522
3850.6	0.98522
3852.1	0.98525
3853.6	0.98525
3855.1	0.98525
3856.5	0.98525
3858	0.98522
3859.5	0.98525
3861	0.98525
3862.5	0.98529
3864	0.98535
3865.5	0.98535
3867	0.98532
3868.5	0.98532
3870	0.98532
3871.5	0.98535
3873	0.98532
3874.5	0.98532
3876	0.98532
3877.5	0.98525
3879	0.98519
3880.5	0.98512
3882	0.98515
3883.5	0.98515
3885	0.98519
3886.5	0.98525
3888	0.98529
3889.5	0.98529
3891.1	0.98529
3892.6	0.98532
3894.1	0.98532
3895.6	0.98529
3897.1	0.98525
3898.6	0.98529
3900.2	0.98525
3901.7	0.98525
3903.2	0.98522
3904.7	0.98525
3906.3	0.98519
3907.8	0.98522
3909.3	0.98525
3910.8	0.98525
3912.4	0.98525
3913.9	0.98529
3915.4	0.98529
3917	0.98529
3918.5	0.98525
3920	0.98529
3921.6	0.98529
3923.1	0.98525
3924.6	0.98519
3926.2	0.98515
3927.7	0.98515
3929.3	0.98522
3930.8	0.98529
3932.4	0.98532
3933.9	0.98538
3935.5	0.98532
3937	0.98532
3938.6	0.98522
3940.1	0.98512
3941.7	0.98506
3943.2	0.98499
3944.8	0.98499
3946.3	0.98496
3947.9	0.98499
3949.4	0.98502
3951	0.98509
3952.6	0.98512
3954.1	0.98519
3955.7	0.98519
3957.3	0.98522
3958.8	0.98529
3960.4	0.98532
3962	0.98532
3963.5	0.98535
3965.1	0.98535
3966.7	0.98535
3968.3	0.98529
3969.8	0.98525
3971.4	0.98519
3973	0.98515
3974.6	0.98512
3976.1	0.98512
3977.7	0.98515
3979.3	0.98515
3980.9	0.98512
3982.5	0.98515
3984.1	0.98512
3985.7	0.98519
3987.2	0.98522
3988.8	0.98522
3990.4	0.98522
3992	0.98532
3993.6	0.98532
3995.2	0.98529
3996.8	0.98519
3998.4	0.98515
4000	0.98509
4001.6	0.98512
4003.2	0.98512
4004.8	0.98515
4006.4	0.98515
4008	0.98519
4009.6	0.98522
4011.2	0.98522
4012.8	0.98525
4014.5	0.98522
4016.1	0.98519
4017.7	0.98522
4019.3	0.98522
4020.9	0.98529
4022.5	0.98532
4024.1	0.98532
4025.8	0.98525
4027.4	0.98525
4029	0.98522
4030.6	0.98519
4032.3	0.98519
4033.9	0.98522
4035.5	0.98522
4037.1	0.98519
4038.8	0.98519
4040.4	0.98522
4042	0.98522
4043.7	0.98529
4045.3	0.98529
4046.9	0.98529
4048.6	0.98529
4050.2	0.98529
4051.9	0.98522
4053.5	0.98515
4055.2	0.98519
4056.8	0.98519
4058.4	0.98522
4060.1	0.98522
4061.7	0.98525
4063.4	0.98522
4065	0.98522
4066.7	0.98519
4068.3	0.98519
4070	0.98515
4071.7	0.98515
4073.3	0.98512
4075	0.98512
4076.6	0.98509
4078.3	0.98509
4080	0.98509
4081.6	0.98512
4083.3	0.98515
4085	0.98515
4086.6	0.98522
4088.3	0.98525
4090	0.98529
4091.7	0.98525
4093.3	0.98519
4095	0.98512
4096.7	0.98512
4098.4	0.98509
4100	0.98515
4101.7	0.98525
4103.4	0.98529
4105.1	0.98529
4106.8	0.98525
4108.5	0.98515
4110.2	0.98515
4111.8	0.98512
4113.5	0.98519
4115.2	0.98529
4116.9	0.98532
4118.6	0.98538
4120.3	0.98538
4122	0.98535
4123.7	0.98529
4125.4	0.98525
4127.1	0.98522
4128.8	0.98515
4130.5	0.98512
4132.2	0.98509
4133.9	0.98509
4135.6	0.98512
4137.4	0.98515
4139.1	0.98525
4140.8	0.98529
4142.5	0.98532
4144.2	0.98529
4145.9	0.98529
4147.7	0.98529
4149.4	0.98522
4151.1	0.98515
4152.8	0.98509
4154.5	0.98512
4156.3	0.98515
4158	0.98515
4159.7	0.98522
4161.5	0.98522
4163.2	0.98522
4164.9	0.98522
4166.7	0.98522
4168.4	0.98522
4170.1	0.98532
4171.9	0.98532
4173.6	0.98532
4175.4	0.98535
4177.1	0.98535
4178.9	0.98542
4180.6	0.98542
4182.4	0.98542
4184.1	0.98535
4185.9	0.98529
4187.6	0.98515
4189.4	0.98506
4191.1	0.98489
4192.9	0.98463
4194.6	0.9843
4196.4	0.9839
4198.2	0.98347
4199.9	0.98305
4201.7	0.98265
4203.4	0.98226
4205.2	0.9818
4207	0.9813
4208.8	0.98068
4210.5	0.97995
4212.3	0.97916
4214.1	0.97837
4215.9	0.97755
4217.6	0.97683
4219.4	0.9761
4221.2	0.97551
4223	0.97501
4224.8	0.97462
4226.5	0.97429
4228.3	0.97409
4230.1	0.9739
4231.9	0.97376
4233.7	0.97363
4235.5	0.9735
4237.3	0.97337
4239.1	0.97334
4240.9	0.97347
4242.7	0.97383
4244.5	0.97432
4246.3	0.97495
4248.1	0.97577
4249.9	0.97669
4251.7	0.97762
4253.5	0.97844
4255.3	0.97903
4257.1	0.97926
4258.9	0.9791
4260.8	0.9786
4262.6	0.97775
4264.4	0.97683
4266.2	0.97607
4268	0.97574
4269.9	0.9758
4271.7	0.9762
4273.5	0.97656
4275.3	0.97676
4277.2	0.97683
4279	0.97686
4280.8	0.97676
4282.7	0.97669
4284.5	0.97666
4286.3	0.97692
4288.2	0.97748
4290	0.97844
4291.8	0.97939
4293.7	0.98022
4295.5	0.98051
4297.4	0.98051
4299.2	0.98064
4301.1	0.9812
4302.9	0.98206
4304.8	0.98265
4306.6	0.98252
4308.5	0.98173
4310.3	0.98081
4312.2	0.98018
4314.1	0.98002
4315.9	0.98005
4317.8	0.98005
4319.7	0.97999
4321.5	0.97995
4323.4	0.98012
4325.3	0.98058
4327.1	0.98114
4329	0.9817
4330.9	0.98222
4332.8	0.98265
4334.6	0.98295
4336.5	0.98318
4338.4	0.98324
4340.3	0.98324
4342.2	0.98318
4344	0.98324
4345.9	0.98354
4347.8	0.98397
4349.7	0.9843
4351.6	0.98446
4353.5	0.98453
4355.4	0.98443
4357.3	0.98436
4359.2	0.98436
4361.1	0.9845
4363	0.98459
4364.9	0.98473
4366.8	0.98486
4368.7	0.98506
4370.6	0.98545
4372.5	0.98617
4374.5	0.98723
4376.4	0.98815
4378.3	0.98831
4380.2	0.98746
4382.1	0.98581
4384	0.98403
4386	0.98301
4387.9	0.98295
4389.8	0.98347
4391.7	0.98413
4393.7	0.98459
4395.6	0.98473
4397.5	0.98473
4399.5	0.98469
4401.4	0.98459
4403.3	0.9845
4405.3	0.98443
4407.2	0.98443
4409.2	0.98453
4411.1	0.98469
4413.1	0.98479
4415	0.98489
4417	0.98489
4418.9	0.98492
4420.9	0.98496
4422.8	0.98499
4424.8	0.98499
4426.7	0.98496
4428.7	0.98489
4430.7	0.98486
4432.6	0.98489
4434.6	0.98496
4436.6	0.98502
4438.5	0.98506
4440.5	0.98509
4442.5	0.98515
4444.4	0.98519
4446.4	0.98519
4448.4	0.98515
4450.4	0.98506
4452.4	0.98499
4454.3	0.98496
4456.3	0.98502
4458.3	0.98506
4460.3	0.98509
4462.3	0.98509
4464.3	0.98506
4466.3	0.98506
4468.3	0.98509
4470.3	0.98512
4472.3	0.98519
4474.3	0.98529
4476.3	0.98535
4478.3	0.98532
4480.3	0.98529
4482.3	0.98525
4484.3	0.98525
4486.3	0.98522
4488.3	0.98519
4490.3	0.98515
4492.4	0.98512
4494.4	0.98512
4496.4	0.98512
4498.4	0.98512
4500.5	0.98519
4502.5	0.98522
4504.5	0.98522
4506.5	0.98522
4508.6	0.98525
4510.6	0.98522
4512.6	0.98522
4514.7	0.98519
4516.7	0.98515
4518.8	0.98509
4520.8	0.98506
4522.8	0.98502
4524.9	0.98506
4526.9	0.98509
4529	0.98512
4531	0.98519
4533.1	0.98522
4535.1	0.98519
4537.2	0.98512
4539.3	0.98509
4541.3	0.98509
4543.4	0.98515
4545.5	0.98525
4547.5	0.98532
4549.6	0.98532
4551.7	0.98532
4553.7	0.98522
4555.8	0.98519
4557.9	0.98512
4560	0.98509
4562	0.98512
4564.1	0.98512
4566.2	0.98512
4568.3	0.98515
4570.4	0.98519
4572.5	0.98512
4574.6	0.98515
4576.7	0.98512
4578.8	0.98509
4580.9	0.98515
4583	0.98515
4585.1	0.98512
4587.2	0.98512
4589.3	0.98512
4591.4	0.98509
4593.5	0.98509
4595.6	0.98515
4597.7	0.98515
4599.8	0.98515
4601.9	0.98515
4604.1	0.98512
4606.2	0.98509
4608.3	0.98512
4610.4	0.98512
4612.5	0.98512
4614.7	0.98512
4616.8	0.98509
4618.9	0.98512
4621.1	0.98509
4623.2	0.98512
4625.3	0.98512
4627.5	0.98509
4629.6	0.98506
4631.8	0.98499
4633.9	0.98502
4636.1	0.98499
4638.2	0.98506
4640.4	0.98515
4642.5	0.98525
4644.7	0.98532
4646.8	0.98532
4649	0.98525
4651.2	0.98515
4653.3	0.98502
4655.5	0.98499
4657.7	0.98506
4659.8	0.98512
4662	0.98522
4664.2	0.98522
4666.4	0.98522
4668.5	0.98525
4670.7	0.98519
4672.9	0.98522
4675.1	0.98522
4677.3	0.98522
4679.5	0.98522
4681.6	0.98529
4683.8	0.98525
4686	0.98529
4688.2	0.98529
4690.4	0.98529
4692.6	0.98532
4694.8	0.98535
4697	0.98535
4699.2	0.98535
4701.5	0.98529
4703.7	0.98529
4705.9	0.98522
4708.1	0.98519
4710.3	0.98515
4712.5	0.98519
4714.8	0.98522
4717	0.98522
4719.2	0.98525
4721.4	0.98525
4723.7	0.98522
4725.9	0.98522
4728.1	0.98519
4730.4	0.98519
4732.6	0.98519
4734.8	0.98519
4737.1	0.98519
4739.3	0.98519
4741.6	0.98522
4743.8	0.98522
4746.1	0.98522
4748.3	0.98522
4750.6	0.98515
4752.9	0.98519
4755.1	0.98515
4757.4	0.98515
4759.6	0.98515
4761.9	0.98515
4764.2	0.98509
4766.4	0.98506
4768.7	0.98506
4771	0.98509
4773.3	0.98515
4775.5	0.98525
4777.8	0.98522
4780.1	0.98522
4782.4	0.98519
4784.7	0.98519
4787	0.98515
4789.3	0.98515
4791.6	0.98515
4793.9	0.98515
4796.2	0.98509
4798.5	0.98506
4800.8	0.98509
4803.1	0.98512
4805.4	0.98515
4807.7	0.98515
4810	0.98519
4812.3	0.98519
4814.6	0.98519
4817	0.98522
4819.3	0.98525
4821.6	0.98522
4823.9	0.98525
4826.3	0.98522
4828.6	0.98525
4830.9	0.98519
4833.3	0.98519
4835.6	0.98512
4837.9	0.98512
4840.3	0.98506
4842.6	0.98506
4845	0.98512
4847.3	0.98512
4849.7	0.98512
4852	0.98509
4854.4	0.98509
4856.7	0.98512
4859.1	0.98512
4861.4	0.98512
4863.8	0.98512
4866.2	0.98512
4868.5	0.98519
4870.9	0.98522
4873.3	0.98532
4875.7	0.98535
4878	0.98538
4880.4	0.98538
4882.8	0.98535
4885.2	0.98535
4887.6	0.98532
4890	0.98529
4892.4	0.98525
4894.8	0.98529
4897.2	0.98529
4899.6	0.98529
4902	0.98529
4904.4	0.98525
4906.8	0.98522
4909.2	0.98522
4911.6	0.98522
4914	0.98522
4916.4	0.98525
4918.8	0.98529
4921.3	0.98529
4923.7	0.98522
4926.1	0.98519
4928.5	0.98515
4931	0.98515
4933.4	0.98515
4935.8	0.98519
4938.3	0.98522
4940.7	0.98522
4943.2	0.98522
4945.6	0.98519
4948	0.98515
4950.5	0.98512
4952.9	0.98509
4955.4	0.98512
4957.9	0.98512
4960.3	0.98522
4962.8	0.98532
4965.2	0.98542
4967.7	0.98545
4970.2	0.98545
4972.7	0.98542
4975.1	0.98535
4977.6	0.98535
4980.1	0.98532
4982.6	0.98532
4985	0.98529
4987.5	0.98525
4990	0.98525
4992.5	0.98529
4995	0.98532
4997.5	0.98535
5000	0.98538
5002.5	0.98542
5005	0.98538
5007.5	0.98535
5010	0.98538
5012.5	0.98535
5015	0.98532
5017.6	0.98529
5020.1	0.98525
5022.6	0.98525
5025.1	0.98522
5027.7	0.98515
5030.2	0.98519
5032.7	0.98525
5035.2	0.98532
5037.8	0.98532
5040.3	0.98532
5042.9	0.98529
5045.4	0.98519
5048	0.98515
5050.5	0.98512
5053.1	0.98512
5055.6	0.98519
5058.2	0.98525
5060.7	0.98529
5063.3	0.98532
5065.9	0.98532
5068.4	0.98529
5071	0.98529
5073.6	0.98532
5076.1	0.98529
5078.7	0.98522
5081.3	0.98515
5083.9	0.98512
5086.5	0.98512
5089.1	0.98515
5091.6	0.98519
5094.2	0.98519
5096.8	0.98515
5099.4	0.98519
5102	0.98519
5104.6	0.98519
5107.3	0.98519
5109.9	0.98525
5112.5	0.98522
5115.1	0.98522
5117.7	0.98525
5120.3	0.98529
5123	0.98532
5125.6	0.98538
5128.2	0.98538
5130.8	0.98542
5133.5	0.98538
5136.1	0.98532
5138.7	0.98525
5141.4	0.98512
5144	0.98506
5146.7	0.98502
5149.3	0.98509
5152	0.98515
5154.6	0.98525
5157.3	0.98532
5160	0.98532
5162.6	0.98535
5165.3	0.98532
5168	0.98529
5170.6	0.98522
5173.3	0.98522
5176	0.98525
5178.7	0.98525
5181.3	0.98529
5184	0.98535
5186.7	0.98538
5189.4	0.98532
5192.1	0.98525
5194.8	0.98515
5197.5	0.98509
5200.2	0.98509
5202.9	0.98509
5205.6	0.98506
5208.3	0.98506
5211	0.98506
5213.8	0.98512
5216.5	0.98519
5219.2	0.98522
5221.9	0.98522
5224.7	0.98522
5227.4	0.98522
5230.1	0.98525
5232.9	0.98525
5235.6	0.98529
5238.3	0.98529
5241.1	0.98525
5243.8	0.98529
5246.6	0.98532
5249.3	0.98538
5252.1	0.98542
5254.9	0.98538
5257.6	0.98538
5260.4	0.98529
5263.2	0.98522
5265.9	0.98515
5268.7	0.98509
5271.5	0.98502
5274.3	0.98506
5277	0.98512
5279.8	0.98515
5282.6	0.98522
5285.4	0.98519
5288.2	0.98509
5291	0.98506
5293.8	0.98506
5296.6	0.98512
5299.4	0.98515
5302.2	0.98522
5305	0.98529
5307.9	0.98529
5310.7	0.98529
5313.5	0.98525
5316.3	0.98522
5319.1	0.98519
5322	0.98519
5324.8	0.98519
5327.7	0.98522
5330.5	0.98522
5333.3	0.98522
5336.2	0.98522
5339	0.98515
5341.9	0.98509
5344.7	0.98496
5347.6	0.98482
5350.5	0.98479
5353.3	0.98482
5356.2	0.98489
5359.1	0.98499
5361.9	0.98502
5364.8	0.98509
5367.7	0.98515
5370.6	0.98525
5373.5	0.98535
5376.3	0.98542
5379.2	0.98545
5382.1	0.98545
5385	0.98542
5387.9	0.98542
5390.8	0.98538
5393.7	0.98542
5396.7	0.98535
5399.6	0.98532
5402.5	0.98529
5405.4	0.98522
5408.3	0.98519
5411.3	0.98509
5414.2	0.98499
5417.1	0.98489
5420.1	0.98486
5423	0.98492
5425.9	0.98509
5428.9	0.98525
5431.8	0.98535
5434.8	0.98538
5437.7	0.98529
5440.7	0.98525
5443.7	0.98525
5446.6	0.98529
5449.6	0.98532
5452.6	0.98525
5455.5	0.98515
5458.5	0.98496
5461.5	0.98476
5464.5	0.98473
5467.5	0.98476
5470.5	0.98489
5473.5	0.98496
5476.5	0.98502
5479.5	0.98506
5482.5	0.98512
5485.5	0.98519
5488.5	0.98525
5491.5	0.98525
5494.5	0.98525
5497.5	0.98522
5500.6	0.98529
5503.6	0.98532
5506.6	0.98545
5509.6	0.98552
5512.7	0.98555
5515.7	0.98548
5518.8	0.98538
5521.8	0.98525
5524.9	0.98519
5527.9	0.98522
5531	0.98525
5534	0.98532
5537.1	0.98525
5540.2	0.98519
5543.2	0.98502
5546.3	0.98486
5549.4	0.98479
5552.5	0.98482
5555.6	0.98489
5558.6	0.98502
5561.7	0.98509
5564.8	0.98515
5567.9	0.98512
5571	0.98502
5574.1	0.98489
5577.2	0.98479
5580.4	0.98476
5583.5	0.98489
5586.6	0.98499
5589.7	0.98509
5592.8	0.98509
5596	0.98512
5599.1	0.98509
5602.2	0.98509
5605.4	0.98506
5608.5	0.98502
5611.7	0.98496
5614.8	0.98499
5618	0.98499
5621.1	0.98502
5624.3	0.98499
5627.5	0.98496
5630.6	0.98479
5633.8	0.98463
5637	0.98443
5640.2	0.98433
5643.3	0.98443
5646.5	0.98453
5649.7	0.98466
5652.9	0.98473
5656.1	0.98479
5659.3	0.98489
5662.5	0.98496
5665.7	0.98496
5668.9	0.98482
5672.1	0.98479
5675.4	0.98473
5678.6	0.98473
5681.8	0.98473
5685	0.98473
5688.3	0.98476
5691.5	0.98482
5694.8	0.98492
5698	0.98502
5701.3	0.98502
5704.5	0.98492
5707.8	0.98469
5711	0.9845
5714.3	0.98443
5717.6	0.98446
5720.8	0.98456
5724.1	0.98469
5727.4	0.98479
5730.7	0.98479
5733.9	0.98473
5737.2	0.98473
5740.5	0.98469
5743.8	0.98466
5747.1	0.98469
5750.4	0.98473
5753.7	0.98476
5757.1	0.98469
5760.4	0.98453
5763.7	0.98443
5767	0.98446
5770.3	0.98459
5773.7	0.98479
5777	0.98489
5780.3	0.98496
5783.7	0.98496
5787	0.98506
5790.4	0.98512
5793.7	0.98515
5797.1	0.98515
5800.5	0.98519
5803.8	0.98519
5807.2	0.98512
5810.6	0.98489
5814	0.98459
5817.3	0.98423
5820.7	0.984
5824.1	0.984
5827.5	0.98423
5830.9	0.98446
5834.3	0.98473
5837.7	0.98489
5841.1	0.98496
5844.5	0.98499
5848	0.98492
5851.4	0.98482
5854.8	0.98466
5858.2	0.98446
5861.7	0.98433
5865.1	0.98427
5868.5	0.98423
5872	0.98417
5875.4	0.984
5878.9	0.9838
5882.4	0.98377
5885.8	0.98384
5889.3	0.984
5892.8	0.98423
5896.2	0.98453
5899.7	0.98476
5903.2	0.98499
5906.7	0.98506
5910.2	0.98502
5913.7	0.98492
5917.2	0.98486
5920.7	0.98469
5924.2	0.98453
5927.7	0.98423
5931.2	0.98394
5934.7	0.9838
5938.2	0.98397
5941.8	0.98433
5945.3	0.98469
5948.8	0.98486
5952.4	0.98492
5955.9	0.98479
5959.5	0.98459
5963	0.98436
5966.6	0.98427
5970.1	0.98423
5973.7	0.98433
5977.3	0.98436
5980.9	0.9843
5984.4	0.98423
5988	0.98423
5991.6	0.98443
5995.2	0.98476
5998.8	0.98499
6002.4	0.98502
6006	0.98489
6009.6	0.98476
6013.2	0.98459
6016.8	0.98459
6020.5	0.98473
6024.1	0.98489
6027.7	0.98502
6031.4	0.98502
6035	0.98489
6038.6	0.98453
6042.3	0.9841
6045.9	0.98367
6049.6	0.98374
6053.3	0.98413
6056.9	0.9845
6060.6	0.98456
6064.3	0.98446
6068	0.98423
6071.6	0.98413
6075.3	0.98427
6079	0.98459
6082.7	0.98489
6086.4	0.98506
6090.1	0.98506
6093.8	0.98499
6097.6	0.98476
6101.3	0.9845
6105	0.98413
6108.7	0.9839
6112.5	0.9839
6116.2	0.98423
6120	0.98463
6123.7	0.98492
6127.5	0.98502
6131.2	0.98506
6135	0.98502
6138.7	0.98499
6142.5	0.98502
6146.3	0.98502
6150.1	0.98496
6153.8	0.98489
6157.6	0.98486
6161.4	0.98492
6165.2	0.98506
6169	0.98512
6172.8	0.98506
6176.7	0.98492
6180.5	0.98479
6184.3	0.98482
6188.1	0.98492
6192	0.98515
6195.8	0.98532
6199.6	0.98535
6203.5	0.98532
6207.3	0.98529
6211.2	0.98522
6215	0.98519
6218.9	0.98519
6222.8	0.98519
6226.7	0.98512
6230.5	0.98506
6234.4	0.98506
6238.3	0.98506
6242.2	0.98512
6246.1	0.98522
6250	0.98529
6253.9	0.98529
6257.8	0.98522
6261.7	0.98515
6265.7	0.98515
6269.6	0.98515
6273.5	0.98525
6277.5	0.98535
6281.4	0.98542
6285.4	0.98542
6289.3	0.98535
6293.3	0.98535
6297.2	0.98532
6301.2	0.98538
6305.2	0.98542
6309.1	0.98542
6313.1	0.98542
6317.1	0.98538
6321.1	0.98532
6325.1	0.98515
6329.1	0.98496
6333.1	0.98469
6337.1	0.9844
6341.2	0.9843
6345.2	0.98433
6349.2	0.98463
6353.2	0.98476
6357.3	0.98473
6361.3	0.98453
6365.4	0.98423
6369.4	0.98403
6373.5	0.9841
6377.6	0.98433
6381.6	0.98463
6385.7	0.98482
6389.8	0.98496
6393.9	0.98499
6398	0.98486
6402	0.98446
6406.1	0.98394
6410.3	0.98338
6414.4	0.98324
6418.5	0.98361
6422.6	0.98407
6426.7	0.98436
6430.9	0.98456
6435	0.98476
6439.2	0.98486
6443.3	0.98496
6447.5	0.98499
6451.6	0.98502
6455.8	0.98502
6459.9	0.98499
6464.1	0.98482
6468.3	0.98459
6472.5	0.98433
6476.7	0.98397
6480.9	0.98364
6485.1	0.98334
6489.3	0.98321
6493.5	0.98338
6497.7	0.98377
6502	0.98417
6506.2	0.98436
6510.4	0.98433
6514.7	0.9843
6518.9	0.98427
6523.2	0.9844
6527.4	0.98459
6531.7	0.98469
6535.9	0.98473
6540.2	0.98463
6544.5	0.98453
6548.8	0.98436
6553.1	0.98423
6557.4	0.98403
6561.7	0.98387
6566	0.98364
6570.3	0.98357
6574.6	0.98361
6578.9	0.98374
6583.3	0.9838
6587.6	0.98387
6592	0.984
6596.3	0.9842
6600.7	0.9844
6605	0.98453
6609.4	0.98453
6613.8	0.9844
6618.1	0.98417
6622.5	0.9838
6626.9	0.98344
6631.3	0.98318
6635.7	0.98328
6640.1	0.98377
6644.5	0.98436
6648.9	0.98476
6653.4	0.98499
6657.8	0.98502
6662.2	0.98496
6666.7	0.98479
6671.1	0.98473
6675.6	0.98479
6680	0.98492
6684.5	0.98502
6689	0.98506
6693.4	0.98489
6697.9	0.98473
6702.4	0.9845
6706.9	0.9843
6711.4	0.9843
6715.9	0.9844
6720.4	0.98459
6724.9	0.98486
6729.5	0.98502
6734	0.98512
6738.5	0.98519
6743.1	0.98522
6747.6	0.98519
6752.2	0.98515
6756.8	0.98509
6761.3	0.98506
6765.9	0.98499
6770.5	0.98492
6775.1	0.98476
6779.7	0.98456
6784.3	0.98436
6788.9	0.98433
6793.5	0.98446
6798.1	0.98469
6802.7	0.98489
6807.4	0.98499
6812	0.98492
6816.6	0.98482
6821.3	0.98469
6825.9	0.98466
6830.6	0.98479
6835.3	0.98489
6839.9	0.98489
6844.6	0.98479
6849.3	0.98453
6854	0.9842
6858.7	0.984
6863.4	0.98403
6868.1	0.98423
6872.9	0.9845
6877.6	0.98469
6882.3	0.98486
6887.1	0.98492
6891.8	0.98499
6896.6	0.98509
6901.3	0.98515
6906.1	0.98522
6910.9	0.98532
6915.6	0.98538
6920.4	0.98542
6925.2	0.98545
6930	0.98535
6934.8	0.98532
6939.6	0.98525
6944.4	0.98512
6949.3	0.98499
6954.1	0.98476
6958.9	0.98463
6963.8	0.98459
6968.6	0.98473
6973.5	0.98486
6978.4	0.98499
6983.2	0.98499
6988.1	0.98499
6993	0.98499
6997.9	0.98506
7002.8	0.98509
7007.7	0.98509
7012.6	0.98502
7017.5	0.98499
7022.5	0.98496
7027.4	0.98496
7032.3	0.98492
7037.3	0.98479
7042.3	0.98466
7047.2	0.98463
7052.2	0.98473
7057.2	0.98492
7062.1	0.98506
7067.1	0.98502
7072.1	0.98496
7077.1	0.98492
7082.2	0.98492
7087.2	0.98499
7092.2	0.98506
7097.2	0.98519
7102.3	0.98519
7107.3	0.98522
7112.4	0.98515
7117.4	0.98515
7122.5	0.98515
7127.6	0.98515
7132.7	0.98515
7137.8	0.98509
7142.9	0.98496
7148	0.98479
7153.1	0.98469
7158.2	0.98456
7163.3	0.98453
7168.5	0.98456
7173.6	0.98473
7178.8	0.98489
7183.9	0.98496
7189.1	0.98496
7194.2	0.98486
7199.4	0.98479
7204.6	0.98473
7209.8	0.98473
7215	0.98482
7220.2	0.98499
7225.4	0.98519
7230.7	0.98538
7235.9	0.98548
7241.1	0.98548
7246.4	0.98538
7251.6	0.98522
7256.9	0.98499
7262.2	0.98486
7267.4	0.98473
7272.7	0.98466
7278	0.98476
7283.3	0.98482
7288.6	0.98499
7293.9	0.98506
7299.3	0.98509
7304.6	0.98519
7309.9	0.98525
7315.3	0.98529
7320.6	0.98525
7326	0.98519
7331.4	0.98509
7336.8	0.98506
7342.1	0.98512
7347.5	0.98522
7352.9	0.98532
7358.4	0.98542
7363.8	0.98552
7369.2	0.98555
7374.6	0.98561
7380.1	0.98558
7385.5	0.98545
7391	0.98535
7396.4	0.98525
7401.9	0.98522
7407.4	0.98519
7412.9	0.98525
7418.4	0.98529
7423.9	0.98535
7429.4	0.98538
7434.9	0.98535
7440.5	0.98535
7446	0.98535
7451.6	0.98535
7457.1	0.98532
7462.7	0.98529
7468.3	0.98525
7473.8	0.98525
7479.4	0.98522
7485	0.98525
7490.6	0.98522
7496.3	0.98515
7501.9	0.98515
7507.5	0.98509
7513.1	0.98506
7518.8	0.98496
7524.5	0.98492
7530.1	0.98489
7535.8	0.98482
7541.5	0.98492
7547.2	0.98502
7552.9	0.98515
7558.6	0.98525
7564.3	0.98532
7570	0.98525
7575.8	0.98519
7581.5	0.98512
7587.3	0.98502
7593	0.98506
7598.8	0.98509
7604.6	0.98509
7610.4	0.98519
7616.1	0.98519
7622	0.98519
7627.8	0.98515
7633.6	0.98502
7639.4	0.98496
7645.3	0.98489
7651.1	0.98492
7657	0.98499
7662.8	0.98512
7668.7	0.98529
7674.6	0.98545
7680.5	0.98555
7686.4	0.98555
7692.3	0.98552
7698.2	0.98542
7704.2	0.98532
7710.1	0.98529
7716	0.98532
7722	0.98542
7728	0.98555
7734	0.98565
7739.9	0.98558
7745.9	0.98535
7751.9	0.98512
7758	0.98492
7764	0.98482
7770	0.98489
7776	0.98499
7782.1	0.98515
7788.2	0.98529
7794.2	0.98529
7800.3	0.98529
7806.4	0.98525
7812.5	0.98522
7818.6	0.98525
7824.7	0.98532
7830.9	0.98538
7837	0.98535
7843.1	0.98522
7849.3	0.98509
7855.5	0.98499
7861.6	0.98499
7867.8	0.98502
7874	0.98512
7880.2	0.98522
7886.4	0.98522
7892.7	0.98515
7898.9	0.98509
7905.1	0.98509
7911.4	0.98512
7917.7	0.98506
7923.9	0.98506
7930.2	0.98502
7936.5	0.98506
7942.8	0.98515
7949.1	0.98525
7955.4	0.98529
7961.8	0.98519
7968.1	0.98509
7974.5	0.98499
7980.8	0.98492
7987.2	0.98492
7993.6	0.98496
8000	0.98496
8006.4	0.98502
8012.8	0.98519
8019.2	0.98532
8025.7	0.98548
8032.1	0.98552
8038.6	0.98548
8045.1	0.98542
8051.5	0.98532
8058	0.98532
8064.5	0.98529
8071	0.98522
8077.5	0.98515
8084.1	0.98506
8090.6	0.98492
8097.2	0.98489
8103.7	0.98489
8110.3	0.98496
8116.9	0.98502
8123.5	0.98506
8130.1	0.98506
8136.7	0.98499
8143.3	0.98496
8150	0.98489
8156.6	0.98479
8163.3	0.98479
8169.9	0.98476
8176.6	0.98476
8183.3	0.98473
8190	0.98463
8196.7	0.98456
8203.4	0.98453
8210.2	0.98456
8216.9	0.98466
8223.7	0.98469
8230.5	0.98476
8237.2	0.98479
8244	0.98482
8250.8	0.98486
8257.6	0.98489
8264.5	0.98492
8271.3	0.98496
8278.1	0.98496
8285	0.98496
8291.9	0.98489
8298.8	0.98486
8305.6	0.98482
8312.6	0.98486
8319.5	0.98496
8326.4	0.98506
8333.3	0.98512
8340.3	0.98512
8347.2	0.98506
8354.2	0.98496
8361.2	0.98486
8368.2	0.98476
8375.2	0.98466
8382.2	0.98463
8389.3	0.98466
8396.3	0.98466
8403.4	0.98463
8410.4	0.98459
8417.5	0.98443
8424.6	0.98427
8431.7	0.9841
8438.8	0.98407
8445.9	0.98407
8453.1	0.98413
8460.2	0.9842
8467.4	0.98417
8474.6	0.98413
8481.8	0.98417
8489	0.98423
8496.2	0.98433
8503.4	0.9845
8510.6	0.98456
8517.9	0.98453
8525.1	0.9845
8532.4	0.9844
8539.7	0.9844
8547	0.98443
8554.3	0.9845
8561.6	0.98456
8569	0.98459
8576.3	0.98466
8583.7	0.98473
8591.1	0.98479
8598.5	0.98489
8605.9	0.98502
8613.3	0.98509
8620.7	0.98509
8628.1	0.98502
8635.6	0.98486
8643	0.98466
8650.5	0.98459
8658	0.98443
8665.5	0.9843
8673	0.98413
8680.6	0.98394
8688.1	0.98387
8695.7	0.98394
8703.2	0.98413
8710.8	0.98436
8718.4	0.98453
8726	0.98459
8733.6	0.9845
8741.3	0.9845
8748.9	0.98453
8756.6	0.98469
8764.2	0.98482
8771.9	0.98486
8779.6	0.98469
8787.3	0.98453
8795.1	0.98427
8802.8	0.9842
8810.6	0.98417
8818.3	0.98423
8826.1	0.9843
8833.9	0.98443
8841.7	0.98463
8849.6	0.98479
8857.4	0.98489
8865.2	0.98479
8873.1	0.98453
8881	0.98423
8888.9	0.9841
8896.8	0.98407
8904.7	0.98417
8912.7	0.9842
8920.6	0.9842
8928.6	0.9842
8936.6	0.98423
8944.5	0.98423
8952.6	0.98413
8960.6	0.98397
8968.6	0.98384
8976.7	0.9839
8984.7	0.98403
8992.8	0.9841
9000.9	0.98413
9009	0.98407
9017.1	0.98407
9025.3	0.98413
9033.4	0.9842
9041.6	0.9842
9049.8	0.98417
9058	0.98413
9066.2	0.98417
9074.4	0.98433
9082.7	0.9845
9090.9	0.98469
9099.2	0.98482
9107.5	0.98492
9115.8	0.98482
9124.1	0.98463
9132.4	0.9844
9140.8	0.9841
9149.1	0.9839
9157.5	0.9838
9165.9	0.98371
9174.3	0.98367
9182.7	0.98374
9191.2	0.98394
9199.6	0.9842
9208.1	0.9845
9216.6	0.98459
9225.1	0.98453
9233.6	0.9844
9242.1	0.98417
9250.7	0.98394
9259.3	0.9838
9267.8	0.98377
9276.4	0.9839
9285.1	0.984
9293.7	0.98407
9302.3	0.98403
9311	0.98394
9319.7	0.98384
9328.4	0.98384
9337.1	0.9839
9345.8	0.9841
9354.5	0.98427
9363.3	0.9844
9372.1	0.9844
9380.9	0.98427
9389.7	0.9841
9398.5	0.984
9407.3	0.98403
9416.2	0.98427
9425.1	0.98456
9434	0.98479
9442.9	0.98489
9451.8	0.98489
9460.7	0.98492
9469.7	0.98496
9478.7	0.98499
9487.7	0.98509
9496.7	0.98525
9505.7	0.98538
9514.7	0.98545
9523.8	0.98532
9532.9	0.98499
9542	0.98463
9551.1	0.98433
9560.2	0.98427
9569.4	0.98433
9578.5	0.98456
9587.7	0.98473
9596.9	0.98489
9606.1	0.98492
9615.4	0.98486
9624.6	0.98469
9633.9	0.98456
9643.2	0.98456
9652.5	0.98466
9661.8	0.98473
9671.2	0.98476
9680.5	0.98469
9689.9	0.98456
9699.3	0.98446
9708.7	0.9845
9718.2	0.9845
9727.6	0.98453
9737.1	0.98446
9746.6	0.98433
9756.1	0.9843
9765.6	0.98436
9775.2	0.98446
9784.7	0.98456
9794.3	0.98453
9803.9	0.98453
9813.5	0.98459
9823.2	0.98473
9832.8	0.98489
9842.5	0.98499
9852.2	0.98502
9861.9	0.98502
9871.7	0.98506
9881.4	0.98509
9891.2	0.98512
9901	0.98506
9910.8	0.98489
9920.6	0.98476
9930.5	0.98466
9940.4	0.98466
9950.2	0.98486
9960.2	0.98506
9970.1	0.98529
9980	0.98538
9990	0.98535
10000	0.98519
10010	0.98506
10020	0.98496
10030	0.98502
10040	0.98522
10050	0.98532
10060	0.98525
10070	0.98506
10081	0.98482
10091	0.98476
10101	0.98489
10111	0.98506
10121	0.98522
10132	0.98522
10142	0.98512
10152	0.98502
10163	0.98496
10173	0.98489
10183	0.98486
10194	0.98486
10204	0.98479
10215	0.98476
10225	0.98459
10235	0.98443
10246	0.9843
10256	0.98433
10267	0.98456
10277	0.98489
10288	0.98515
10299	0.98522
10309	0.98509
10320	0.98482
10331	0.9845
10341	0.98433
10352	0.98433
10363	0.9844
10373	0.98453
10384	0.98466
10395	0.98473
10406	0.98476
10417	0.98476
10428	0.98476
10438	0.98459
10449	0.9844
10460	0.98417
10471	0.98397
10482	0.984
10493	0.9842
10504	0.98456
10515	0.98492
10526	0.98519
10537	0.98522
10549	0.98512
10560	0.98499
10571	0.98482
10582	0.98473
10593	0.98469
10604	0.98479
10616	0.98492
10627	0.98509
10638	0.98519
10650	0.98519
10661	0.98506
10672	0.98492
10684	0.98486
10695	0.98482
10707	0.98482
10718	0.98479
10730	0.98469
10741	0.98459
10753	0.98469
10764	0.98492
10776	0.98515
10787	0.98535
10799	0.98538
10811	0.98529
10823	0.98525
10834	0.98525
10846	0.98529
10858	0.98542
10870	0.98545
10881	0.98532
10893	0.98519
10905	0.98509
10917	0.98515
10929	0.98519
10941	0.98512
10953	0.98499
10965	0.98486
10977	0.98476
10989	0.98476
11001	0.98476
11013	0.98476
11025	0.98476
11038	0.98479
11050	0.98486
11062	0.98499
11074	0.98515
11086	0.98538
11099	0.98558
11111	0.98561
11123	0.98542
11136	0.98512
11148	0.98482
11161	0.98466
11173	0.98469
11186	0.98489
11198	0.98515
11211	0.98545
11223	0.98565
11236	0.98568
11249	0.98555
11261	0.98529
11274	0.98506
11287	0.98492
11299	0.98499
11312	0.98515
11325	0.98542
11338	0.98545
11351	0.98529
11364	0.98492
11377	0.98456
11390	0.98433
11403	0.98443
11416	0.98463
11429	0.98499
11442	0.98545
11455	0.98581
11468	0.98617
11481	0.98627
11494	0.98614
11507	0.98591
11521	0.98561
11534	0.98538
11547	0.98515
11561	0.98486
11574	0.98469
11587	0.98466
11601	0.98466
11614	0.98466
11628	0.98446
11641	0.98423
11655	0.98427
11669	0.98459
11682	0.98515
11696	0.98565
11710	0.98578
11723	0.98561
11737	0.98532
11751	0.98506
11765	0.98499
11779	0.98492
11792	0.98469
11806	0.98443
11820	0.9842
11834	0.98413
11848	0.9842
11862	0.98433
11876	0.98446
11891	0.98459
11905	0.98473
11919	0.98492
11933	0.98509
11947	0.98535
11962	0.98552
11976	0.98548
11990	0.98512
12005	0.98463
12019	0.9841
12034	0.98377
12048	0.98357
12063	0.98361
12077	0.98377
12092	0.98417
12107	0.98482
12121	0.98558
12136	0.98601
12151	0.98594
12165	0.98545
12180	0.98486
12195	0.98456
12210	0.98456
12225	0.98473
12240	0.98482
12255	0.98482
12270	0.98482
12285	0.98489
12300	0.98506
12315	0.98512
12330	0.98492
12346	0.98453
12361	0.98407
12376	0.98371
12392	0.98367
12407	0.98403
12422	0.98469
12438	0.98535
12453	0.98568
12469	0.98561
12484	0.98525
12500	0.98482
12516	0.98456
12531	0.98453
12547	0.98473
12563	0.98502
12579	0.98529
12594	0.98538
12610	0.98532
12626	0.98515
12642	0.98496
12658	0.98489
12674	0.98509
12690	0.98545
12706	0.98585
12723	0.98601
12739	0.98591
12755	0.98558
12771	0.98525
12788	0.98512
12804	0.98512
12821	0.98519
12837	0.98525
12853	0.98529
12870	0.98545
12887	0.98558
12903	0.98568
12920	0.98558
12937	0.98538
12953	0.98519
12970	0.98506
12987	0.98499
13004	0.98492
13021	0.98486
13038	0.98479
13055	0.98479
13072	0.98486
13089	0.98506
13106	0.98532
13123	0.98565
13141	0.98591
13158	0.98591
13175	0.98568
13193	0.98532
13210	0.98499
13228	0.98489
13245	0.98496
13263	0.98512
13280	0.98529
13298	0.98532
13316	0.98522
13333	0.98496
13351	0.98466
13369	0.9845
13387	0.98466
13405	0.98499
13423	0.98529
13441	0.98532
13459	0.98512
13477	0.98456
13495	0.98397
13514	0.98334
13532	0.98288
13550	0.98269
13569	0.98288
13587	0.98338
13605	0.984
13624	0.98456
13643	0.98489
13661	0.98482
13680	0.98453
13699	0.98407
13717	0.98371
13736	0.98357
13755	0.98367
13774	0.98403
13793	0.9844
13812	0.98473
13831	0.98489
13850	0.98502
13870	0.98506
13889	0.98509
13908	0.98499
13928	0.98492
13947	0.98489
13966	0.98492
13986	0.98512
14006	0.98548
14025	0.98575
14045	0.98588
14065	0.98578
14085	0.98558
14104	0.98532
14124	0.98515
14144	0.98525
14164	0.98552
14184	0.98594
14205	0.98621
14225	0.98621
14245	0.98591
14265	0.98548
14286	0.98515
14306	0.98502
14327	0.98502
14347	0.98496
14368	0.98469
14388	0.98423
14409	0.98377
14430	0.98367
14451	0.9838
14472	0.9841
14493	0.98427
14514	0.98413
14535	0.9838
14556	0.98344
14577	0.98321
14599	0.98308
14620	0.98295
14641	0.98275
14663	0.98236
14684	0.98199
14706	0.98176
14728	0.98176
14749	0.98199
14771	0.98245
14793	0.98275
14815	0.98282
14837	0.98278
14859	0.98282
14881	0.98308
14903	0.98357
14925	0.98417
14948	0.98456
14970	0.98446
14993	0.984
15015	0.98357
15038	0.98334
15060	0.98321
15083	0.98315
15106	0.98315
15129	0.98318
15152	0.98334
15175	0.98351
15198	0.98377
15221	0.98403
15244	0.98423
15267	0.98443
15291	0.98459
15314	0.98463
15337	0.98443
15361	0.9839
15385	0.98315
15408	0.98259
15432	0.98259
15456	0.98315
15480	0.9839
15504	0.98433
15528	0.9841
15552	0.98347
15576	0.98292
15601	0.98262
15625	0.98278
15649	0.98318
15674	0.98357
15699	0.9838
15723	0.98397
15748	0.98427
15773	0.98469
15798	0.98529
15823	0.98588
15848	0.98644
15873	0.98673
15898	0.98667
15924	0.98624
15949	0.98545
15974	0.98459
16000	0.9838
16026	0.98331
16051	0.98301
16077	0.98305
16103	0.98328
16129	0.98377
16155	0.98433
16181	0.98489
16207	0.98529
16234	0.98548
16260	0.98538
16287	0.98499
16313	0.98433
16340	0.98364
16367	0.98328
16393	0.98344
16420	0.98417
16447	0.98506
16474	0.98571
16502	0.98604
16529	0.98608
16556	0.98604
16584	0.98611
16611	0.98624
16639	0.98637
16667	0.98634
16694	0.98621
16722	0.98608
16750	0.98611
16779	0.98631
16807	0.9864
16835	0.98614
16863	0.98558
16892	0.98515
16920	0.98525
16949	0.98608
16978	0.98729
17007	0.98848
17036	0.98914
17065	0.98914
17094	0.98858
17123	0.98782
17153	0.98729
17182	0.98726
17212	0.98756
17241	0.98782
17271	0.98766
17301	0.987
17331	0.98624
17361	0.98558
17391	0.98515
17422	0.98459
17452	0.9839
17483	0.98338
17513	0.98361
17544	0.98456
17575	0.98558
17606	0.98611
17637	0.98594
17668	0.98552
17699	0.98525
17730	0.98529
17762	0.98538
17794	0.98555
17825	0.98598
17857	0.98696
17889	0.98841
17921	0.98976
17953	0.99042
17986	0.99006
18018	0.98884
18051	0.98746
18083	0.98654
18116	0.98637
18149	0.9869
18182	0.98766
18215	0.98822
18248	0.98818
18282	0.98766
18315	0.98693
18349	0.98631
18382	0.98588
18416	0.98555
18450	0.98532
18484	0.98522
18519	0.98535
18553	0.98575
18587	0.9864
18622	0.98713
18657	0.98779
18692	0.98812
18727	0.98818
18762	0.98799
18797	0.98752
18832	0.98677
18868	0.98575
18904	0.98473
18939	0.984
18975	0.98403
19011	0.98489
19048	0.98637
19084	0.98766
19120	0.98802
19157	0.98719
19194	0.98561
19231	0.98436
19268	0.98456
19305	0.98644
19342	0.98901
19380	0.99101
19417	0.99151
19455	0.99068
19493	0.98917
19531	0.98739
19569	0.98552
19608	0.98321
19646	0.98064
19685	0.97837
19724	0.97683
19763	0.976
19802	0.97525
19841	0.97386
19881	0.97208
19920	0.9707
19960	0.97054
20000	0.97182
20040	0.97396
20080	0.97643
20121	0.9789
20161	0.98134
20202	0.98364
20243	0.98581
20284	0.98762
20325	0.98851
20367	0.98818
20408	0.9864
20450	0.9839
20492	0.98137
20534	0.97916
20576	0.97692
20619	0.97432
20661	0.97156
20704	0.96975
20747	0.96978
20790	0.97166
20833	0.97449
20877	0.97762
20921	0.98091
20964	0.98506
21008	0.98989
21053	0.99424
21097	0.99628
21142	0.99483
21186	0.99036
21231	0.98469
21277	0.97946
21322	0.97548
21368	0.97347
21413	0.97399
21459	0.97663
21505	0.97966
21552	0.98084
21598	0.97916
21645	0.97531
21692	0.97133
21739	0.96869
21786	0.96823
21834	0.97024
21882	0.97449
21930	0.97946
21978	0.98259
22026	0.98242
22075	0.97943
22124	0.9763
22173	0.97544
22222	0.97771
22272	0.9818
22321	0.98578
22371	0.98868
22422	0.99016
22472	0.99036
22523	0.98947
22573	0.98769
22624	0.98529
22676	0.98183
22727	0.97712
22779	0.97189
22831	0.9679
22883	0.96711
22936	0.96981
22989	0.97393
23041	0.9764
23095	0.97594
23148	0.9737
23202	0.97182
23256	0.97159
23310	0.97255
23364	0.97353
23419	0.9738
23474	0.97376
23529	0.97432
23585	0.97594
23641	0.97814
23697	0.98035
23753	0.98242
23810	0.98492
23866	0.98818
23923	0.99131
23981	0.99273
24038	0.99167
24096	0.98864
24155	0.98555
24213	0.98489
24272	0.98831
24331	0.99447
24390	0.99849
24450	0.99539
24510	0.98479
24570	0.97192
24631	0.96399
24691	0.96464
24752	0.97202
24814	0.98094
24876	0.98723
24938	0.99029
25000	0.99124
