3.800000000000000044e-01 9.280399793100473360e-01
3.900000000000000133e-01 9.282999676805394618e-01
4.000000000000000222e-01 9.285999676909816314e-01
4.099999999999999756e-01 9.287999676979393771e-01
4.199999999999999845e-01 9.290999677083701114e-01
4.299999999999999933e-01 9.292599535073923223e-01
4.400000000000000022e-01 9.294999677222675061e-01
4.500000000000000111e-01 9.295799173725584064e-01
4.600000000000000200e-01 9.296398954298933370e-01
4.699999999999999734e-01 9.298398954523882098e-01
4.799999999999999822e-01 9.301199367760042414e-01
4.899999999999999911e-01 9.300198141655540152e-01
5.000000000000000000e-01 9.299397470296424384e-01
5.100000000000000089e-01 9.301797819370205556e-01
5.200000000000000178e-01 9.303198142254902603e-01
5.300000000000000266e-01 9.305598439403139910e-01
5.400000000000000355e-01 9.306998710463066926e-01
5.500000000000000444e-01 9.308398955647180228e-01
5.600000000000000533e-01 9.308998710740158389e-01
5.699999999999999512e-01 9.309598440073778569e-01
5.799999999999999600e-01 9.310998711017129947e-01
5.899999999999999689e-01 9.311998711155571318e-01
5.999999999999999778e-01 9.312998711293982712e-01
6.099999999999999867e-01 9.313398956207925572e-01
6.199999999999999956e-01 9.314398956320000256e-01
6.300000000000000044e-01 9.315799175499708262e-01
6.400000000000000133e-01 9.317199368845867635e-01
6.500000000000000222e-01 9.317599536321472531e-01
6.600000000000000311e-01 9.318999678054009639e-01
6.700000000000000400e-01 9.320399793988466408e-01
6.800000000000000488e-01 9.321799884137574876e-01
6.899999999999999467e-01 9.322399794032666387e-01
6.999999999999999556e-01 9.322799884150003713e-01
7.099999999999999645e-01 9.324199948519580339e-01
7.199999999999999734e-01 9.323799884162429219e-01
7.299999999999999822e-01 9.325599987132011659e-01
7.399999999999999911e-01 9.325199948525101368e-01
7.500000000000000000e-01 9.325799884187271349e-01
7.600000000000000089e-01 9.325399794098930828e-01
7.700000000000000178e-01 9.325399794098930828e-01
7.800000000000000266e-01 9.324999678261175484e-01
7.900000000000000355e-01 9.324999678261175484e-01
8.000000000000000444e-01 9.325599536719273441e-01
8.100000000000000533e-01 9.325999678295676665e-01
8.199999999999999512e-01 9.326599536768951371e-01
8.299999999999999600e-01 9.326999678330170074e-01
8.399999999999999689e-01 9.326999678330170074e-01
8.499999999999999778e-01 9.327999678364656821e-01
8.599999999999999867e-01 9.327999678364656821e-01
8.699999999999999956e-01 9.326398957663046829e-01
8.800000000000000044e-01 9.326598442917573006e-01
8.900000000000000133e-01 9.326598442917573006e-01
9.000000000000000222e-01 9.326198146837207936e-01
9.100000000000000311e-01 9.326198146837207936e-01
9.200000000000000400e-01 9.326198146837207936e-01
9.299999999999999378e-01 9.327598443084531565e-01
9.399999999999999467e-01 9.328598443251454597e-01
9.499999999999999556e-01 9.328598443251454597e-01
9.599999999999999645e-01 9.328998713504536022e-01
9.699999999999999734e-01 9.329398957998267239e-01
9.799999999999999822e-01 9.329998713642443375e-01
9.899999999999999911e-01 9.330398958109960006e-01
1.000000000000000000e+00 9.330998713780322973e-01
1.010000000000000009e+00 9.330598443585192969e-01
1.020000000000000018e+00 9.330198147631821870e-01
1.030000000000000027e+00 9.331198147830370715e-01
1.040000000000000036e+00 9.330198147631821870e-01
1.050000000000000044e+00 9.329797825915790987e-01
1.060000000000000053e+00 9.328997105178047367e-01
1.070000000000000062e+00 9.329997105488384568e-01
1.080000000000000071e+00 9.329997105488384568e-01
1.090000000000000080e+00 9.329997105488384568e-01
1.100000000000000089e+00 9.330596706853686584e-01
1.110000000000000098e+00 9.330596706853686584e-01
1.120000000000000107e+00 9.330196282133894625e-01
1.129999999999999893e+00 9.329795831634859482e-01
1.139999999999999902e+00 9.331196282532426833e-01
1.149999999999999911e+00 9.330395355850085171e-01
1.159999999999999920e+00 9.331596707206669672e-01
1.169999999999999929e+00 9.331596707206669672e-01
1.179999999999999938e+00 9.333397479513553252e-01
1.189999999999999947e+00 9.330395355850085171e-01
1.199999999999999956e+00 9.330395355850085171e-01
1.209999999999999964e+00 9.332395356845631929e-01
1.219999999999999973e+00 9.331395356347910175e-01
1.229999999999999982e+00 9.331395356347910175e-01
1.239999999999999991e+00 9.332795832975113726e-01
1.250000000000000000e+00 9.334997107039071373e-01
1.260000000000000009e+00 9.334596708265164855e-01
1.270000000000000018e+00 9.335797827313306874e-01
1.280000000000000027e+00 9.334997107039071373e-01
1.290000000000000036e+00 9.337198149020762283e-01
1.300000000000000044e+00 9.336797827546050588e-01
1.310000000000000053e+00 9.338598444918719821e-01
1.320000000000000062e+00 9.337198149020762283e-01
1.330000000000000071e+00 9.339998715019895981e-01
1.340000000000000080e+00 9.339998715019895981e-01
1.350000000000000089e+00 9.339998715019895981e-01
1.360000000000000098e+00 9.341398959336998375e-01
1.370000000000000107e+00 9.340598445251746540e-01
1.379999999999999893e+00 9.340998715157480259e-01
1.389999999999999902e+00 9.340998715157480259e-01
1.399999999999999911e+00 9.341998715295032341e-01
1.409999999999999920e+00 9.342799177882723516e-01
1.419999999999999929e+00 9.342799177882723516e-01
1.429999999999999938e+00 9.342799177882723516e-01
1.439999999999999947e+00 9.343398959559786610e-01
1.449999999999999956e+00 9.343799177970720793e-01
1.459999999999999964e+00 9.343398959559786610e-01
1.469999999999999973e+00 9.344799178058696976e-01
1.479999999999999982e+00 9.344799178058696976e-01
1.489999999999999991e+00 9.344398959671144089e-01
1.500000000000000000e+00 9.343998715570052127e-01
1.510000000000000009e+00 9.344998715707516501e-01
1.520000000000000018e+00 9.344598445917366991e-01
1.530000000000000027e+00 9.345398959782479364e-01
1.540000000000000036e+00 9.345398959782479364e-01
1.550000000000000044e+00 9.346398959893789105e-01
1.560000000000000053e+00 9.346398959893789105e-01
1.570000000000000062e+00 9.345998715844953120e-01
1.580000000000000071e+00 9.347398960005075530e-01
1.590000000000000080e+00 9.347398960005075530e-01
1.600000000000000089e+00 9.347398960005075530e-01
1.610000000000000098e+00 9.347398960005075530e-01
1.620000000000000107e+00 9.347998716119736429e-01
1.629999999999999893e+00 9.347998716119736429e-01
1.639999999999999902e+00 9.348398960116339751e-01
1.649999999999999911e+00 9.348799178410414079e-01
1.659999999999999920e+00 9.349398960227577327e-01
1.669999999999999929e+00 9.351399794671436672e-01
1.679999999999999938e+00 9.352399794693392332e-01
1.689999999999999947e+00 9.351999679190128312e-01
1.699999999999999956e+00 9.354199948684689403e-01
1.709999999999999964e+00 9.353399794715344662e-01
1.719999999999999973e+00 9.354399794737290330e-01
1.729999999999999982e+00 9.354399794737290330e-01
1.739999999999999991e+00 9.354799884546309841e-01
1.750000000000000000e+00 9.356199948695657076e-01
1.760000000000000009e+00 9.355799884558649859e-01
1.770000000000000018e+00 9.355399794759232668e-01
1.780000000000000027e+00 9.354999679293013459e-01
1.790000000000000036e+00 9.353799178849638851e-01
1.800000000000000044e+00 9.354599538155604632e-01
1.810000000000000053e+00 9.354599538155604632e-01
1.820000000000000062e+00 9.355199371409815834e-01
1.830000000000000071e+00 9.355599538204972809e-01
1.840000000000000080e+00 9.355999679327294816e-01
1.849999999999999867e+00 9.356999679361567290e-01
1.859999999999999876e+00 9.356999679361567290e-01
1.869999999999999885e+00 9.356999679361567290e-01
1.879999999999999893e+00 9.358399794825029705e-01
1.889999999999999902e+00 9.358399794825029705e-01
1.899999999999999911e+00 9.358999679430093366e-01
1.909999999999999920e+00 9.359799884607987730e-01
1.919999999999999929e+00 9.358999679430093366e-01
1.929999999999999938e+00 9.358999679430093366e-01
1.939999999999999947e+00 9.358398961227658575e-01
1.949999999999999956e+00 9.357598448076708264e-01
1.959999999999999964e+00 9.356198152780260680e-01
1.969999999999999973e+00 9.358598448242563261e-01
1.979999999999999982e+00 9.358198153175110168e-01
1.989999999999999991e+00 9.357198152977707073e-01
2.000000000000000000e+00 9.358198153175110168e-01
2.009999999999999787e+00 9.358598448242563261e-01
2.020000000000000018e+00 9.358198153175110168e-01
2.029999999999999805e+00 9.359198153372469964e-01
2.040000000000000036e+00 9.359198153372469964e-01
2.049999999999999822e+00 9.358797832653849014e-01
2.060000000000000053e+00 9.359797832885449198e-01
2.069999999999999840e+00 9.359797832885449198e-01
2.080000000000000071e+00 9.359797832885449198e-01
2.089999999999999858e+00 9.360397486785327903e-01
2.100000000000000089e+00 9.360397486785327903e-01
2.109999999999999876e+00 9.361397487053847444e-01
2.120000000000000107e+00 9.360997115075935238e-01
2.129999999999999893e+00 9.360596717410374357e-01
2.140000000000000124e+00 9.361997115384154133e-01
2.149999999999999911e+00 9.361196294448750344e-01
2.160000000000000142e+00 9.360795845442709817e-01
2.169999999999999929e+00 9.359994870331971306e-01
2.180000000000000160e+00 9.359193792393691869e-01
2.189999999999999947e+00 9.357991982607613002e-01
2.200000000000000178e+00 9.357190647446400611e-01
2.209999999999999964e+00 9.355587668236121646e-01
2.220000000000000195e+00 9.353984276940084941e-01
2.229999999999999982e+00 9.351979457893854208e-01
2.240000000000000213e+00 9.349375135710203955e-01
2.250000000000000000e+00 9.347770402674742130e-01
2.259999999999999787e+00 9.344559696319126862e-01
2.270000000000000018e+00 9.342552164252951874e-01
2.279999999999999805e+00 9.338338759813890055e-01
2.290000000000000036e+00 9.333319668126538460e-01
2.299999999999999822e+00 9.329102519433547513e-01
2.310000000000000053e+00 9.322871100797086585e-01
2.319999999999999840e+00 9.317441065798076627e-01
2.330000000000000071e+00 9.310201466870946518e-01
2.339999999999999858e+00 9.302553854702156899e-01
2.350000000000000089e+00 9.296901137628830192e-01
2.359999999999999876e+00 9.288838850580128925e-01
2.370000000000000107e+00 9.280770594773042337e-01
2.379999999999999893e+00 9.272291195042530187e-01
2.390000000000000124e+00 9.262993716108814946e-01
2.399999999999999911e+00 9.255093753193772699e-01
2.410000000000000142e+00 9.243966063973108049e-01
2.419999999999999929e+00 9.234234826938257923e-01
2.430000000000000160e+00 9.225716689738686638e-01
2.439999999999999947e+00 9.217599591811467263e-01
2.450000000000000178e+00 9.210884878555098965e-01
2.459999999999999964e+00 9.203164659672582459e-01
2.470000000000000195e+00 9.196439219639298557e-01
2.479999999999999982e+00 9.187479517785217542e-01
2.490000000000000213e+00 9.179922094470214233e-01
2.500000000000000000e+00 9.172178301723699079e-01
