0.38	0.826107024
0.39	0.884700151
0.4	0.915530858
0.41	0.921608274
0.42	0.928174045
0.43	0.926234299
0.44	0.924127605
0.45	0.920422543
0.46	0.916472056
0.47	0.911787186
0.48	0.906831406
0.49	0.90156304
0.5	0.896002904
0.51	0.889894856
0.52	0.883474277
0.53	0.87673519
0.54	0.86966254
0.55	0.862220348
0.56	0.854121947
0.57	0.845664961
0.58	0.836835651
0.59	0.827585198
0.6	0.817941909
0.61	0.807867668
0.62	0.797379489
0.63	0.786524896
0.64	0.775232727
0.65	0.763492012
0.66	0.751296578
0.67	0.738651802
0.68	0.725521355
0.69	0.711893288
0.7	0.697754659
0.71	0.683042881
0.72	0.667797182
0.73	0.652005623
0.74	0.635654347
0.75	0.618731317
0.76	0.601222179
0.77	0.583114783
0.78	0.564394295
0.79	0.545048286
0.8	0.525061896
0.81	0.504407558
0.82	0.48308616
0.83	0.461083897
0.84	0.438386186
0.85	0.414978542
0.86	0.390846447
0.87	0.365974765
0.88	0.340349015
0.89	0.313953437
0.9	0.286773474
0.91	0.258782494
0.92	0.230550378
0.93	0.203224952
0.94	0.178216112
0.95	0.154229078
0.96	0.13140217
0.97	0.111029446
0.98	0.093161425
0.99	0.076844814
1	0.06215094
1.01	0.04980736
1.02	0.039699739
1.03	0.030904074
1.04	0.023580166
1.05	0.018227575
1.06	0.013967502
1.07	0.010826854
1.08	0.008707888
1.09	0.007805654
1.1	0.007563935
1.11	0.007438281
1.12	0.008401287
1.13	0.009149515
1.14	0.010359461
1.15	0.012153046
1.16	0.013618314
1.17	0.014922391
1.18	0.016397395
1.19	0.018061167
1.2	0.019415936
1.21	0.020439482
1.22	0.021378919
1.23	0.022136418
1.24	0.022802494
1.25	0.0234068
1.26	0.023790334
1.27	0.023754218
1.28	0.023852072
1.29	0.023683574
1.3	0.023269741
1.31	0.022772658
1.32	0.022284046
1.33	0.021475501
1.34	0.020683395
1.35	0.01979151
1.36	0.019028027
1.37	0.01814157
1.38	0.016760375
1.39	0.015820478
1.4	0.014754256
1.41	0.013998379
1.42	0.012857021
1.43	0.011927041
1.44	0.011499201
1.45	0.010734596
1.46	0.009703046
1.47	0.009148447
1.48	0.008525241
1.49	0.00829837
1.5	0.008080722
1.51	0.008238254
1.52	0.007977411
1.53	0.008639842
1.54	0.008901268
1.55	0.009226291
1.56	0.009882768
1.57	0.010834795
1.58	0.01107488
1.59	0.011596623
1.6	0.012117864
1.61	0.01263679
1.62	0.013155106
1.63	0.013672811
1.64	0.014580531
1.65	0.016431639
1.66	0.017981566
1.67	0.020846105
1.68	0.02340756
1.69	0.026524582
1.7	0.030528669
1.71	0.034521344
1.72	0.038499305
1.73	0.042423032
1.74	0.046381432
1.75	0.050323815
1.76	0.054251056
1.77	0.058564609
1.78	0.061810034
1.79	0.065850578
1.8	0.06953037
1.81	0.073792708
1.82	0.077314908
1.83	0.081433001
1.84	0.085176493
1.85	0.088652947
1.86	0.09410278
1.87	0.096937061
1.88	0.101016012
1.89	0.105602827
1.9	0.108816622
1.91	0.113871699
1.92	0.117499059
1.93	0.122504595
1.94	0.125922093
1.95	0.130556149
1.96	0.134792572
1.97	0.138903883
1.98	0.142989241
1.99	0.146980997
2	0.151030251
2.01	0.1549518
2.02	0.158841902
2.03	0.162701217
2.04	0.166530266
2.05	0.170329715
2.06	0.174100039
2.07	0.177841835
2.08	0.181555595
2.09	0.185241847
2.1	0.188901093
2.11	0.192533789
2.12	0.196140454
2.13	0.199721475
2.14	0.203277387
2.15	0.206808508
2.16	0.210315401
2.17	0.213798325
2.18	0.217257807
2.19	0.220694126
2.2	0.224107757
2.21	0.227392936
2.22	0.230654985
2.23	0.233894284
2.24	0.237111274
2.25	0.240306349
2.26	0.243479897
2.27	0.246632315
2.28	0.249763946
2.29	0.252875178
2.3	0.255966345
2.31	0.259037783
2.32	0.262089849
2.33	0.264739267
2.34	0.266987976
2.35	0.269220517
2.36	0.271437586
2.37	0.273639593
2.38	0.275827234
2.39	0.278000845
2.4	0.280161083
2.41	0.282308254
2.42	0.284442953
2.43	0.286565468
2.44	0.28867633
2.45	0.290775828
2.46	0.292864421
2.47	0.294942404
2.48	0.297010165
2.49	0.299068012
2.5	0.301116263
2.51	0.303155238
2.52	0.305185211
2.53	0.307206457
2.54	0.309219267
2.55	0.311223854
2.56	0.313220524
2.57	0.315209432
2.58	0.317190904
2.59	0.319165038
2.6	0.321132178
2.61	0.323092368
2.62	0.325045971
2.63	0.326993
2.64	0.328933782
2.65	0.330868352
2.66	0.332796987
2.67	0.334719746
2.68	0.336636856
2.69	0.338548399
2.7	0.340454555
2.71	0.342355431
2.72	0.344251159
2.73	0.346141873
2.74	0.348027677
2.75	0.349908677
2.76	0.351785002
2.77	0.353656715
2.78	0.355523973
2.79	0.357386795
2.8	0.359245364
2.81	0.361099657
2.82	0.362949887
2.83	0.364795986
2.84	0.366638197
2.85	0.368476428
2.86	0.370310898
2.87	0.372141545
2.88	0.373968546
2.89	0.37579187
2.9	0.377611652
2.91	0.379427893
2.92	0.381240688
2.93	0.383050067
2.94	0.384856085
2.95	0.386658805
2.96	0.388458261
2.97	0.390254492
2.98	0.392047563
2.99	0.393837476
3	0.395624327
3.01	0.397408081
3.02	0.399188863
3.03	0.400966602
3.04	0.402741454
3.05	0.404513311
3.06	0.40628236
3.07	0.408048474
3.08	0.40981182
3.09	0.411572301
3.1	0.41333005
3.11	0.415085002
3.12	0.416837252
3.13	0.418586766
3.14	0.420333606
3.15	0.422077769
3.16	0.42381928
3.17	0.425558169
3.18	0.427294442
3.19	0.42902811
3.2	0.430759212
3.21	0.432487725
3.22	0.434213717
3.23	0.435937132
3.24	0.43765807
3.25	0.439376439
3.26	0.441092373
3.27	0.442805745
3.28	0.44451672
3.29	0.446225153
3.3	0.447931193
3.31	0.449634727
3.32	0.451335868
3.33	0.453034537
3.34	0.454730812
3.35	0.456424646
3.36	0.458116084
3.37	0.459805111
3.38	0.461491737
3.39	0.46317598
3.4	0.464857833
3.41	0.466537298
3.42	0.468214398
3.43	0.469889102
3.44	0.471561466
3.45	0.473231425
3.46	0.474899068
3.47	0.476564295
3.48	0.478227228
3.49	0.479887735
3.5	0.48154597
3.51	0.483201782
3.52	0.484855309
3.53	0.486506434
3.54	0.48815526
3.55	0.489801704
3.56	0.491445834
3.57	0.493087601
3.58	0.494727039
3.59	0.49636413
3.6	0.497998877
3.61	0.499631296
3.62	0.50126137
3.63	0.502889098
3.64	0.504514498
3.65	0.506137536
3.66	0.507758261
3.67	0.509376606
3.68	0.510992653
3.69	0.512606302
3.7	0.514217668
3.71	0.515826618
3.72	0.517433299
3.73	0.51903756
3.74	0.520639534
3.75	0.522239103
3.76	0.523836364
3.77	0.525431234
3.78	0.527023776
3.79	0.52861394
3.8	0.530201757
3.81	0.531787208
3.82	0.533370291
3.83	0.534951022
3.84	0.536529381
3.85	0.538105367
3.86	0.539678993
3.87	0.541250226
3.88	0.542819111
3.89	0.544385581
3.9	0.545949716
3.91	0.547511414
3.92	0.549070789
3.93	0.550627707
3.94	0.552182313
3.95	0.553734457
3.96	0.555284267
3.97	0.556831627
3.98	0.558376632
3.99	0.559919198
4	0.561459388
4.01	0.56299715
4.02	0.564532513
4.03	0.566065461
4.04	0.567595988
4.05	0.569124111
4.06	0.570649807
4.07	0.572173078
4.08	0.573693933
4.09	0.575212341
4.1	0.576728345
4.11	0.578241879
4.12	0.579753021
4.13	0.581261671
4.14	0.58276794
4.15	0.584271694
4.16	0.585773079
4.17	0.587271944
4.18	0.588768418
4.19	0.590262383
4.2	0.591753934
4.21	0.593242988
4.22	0.594729607
4.23	0.596213739
4.24	0.597695414
4.25	0.599174615
4.26	0.600651334
4.27	0.602125592
4.28	0.603597364
4.29	0.605066651
4.3	0.606533464
4.31	0.60799777
4.32	0.609459613
4.33	0.610918928
4.34	0.612375792
4.35	0.613830104
4.36	0.615281978
4.37	0.616731277
4.38	0.618178151
4.39	0.619622445
4.4	0.62106429
