0.38	0.001749059
0.39	0.0162447
0.4	0.032185071
0.41	0.04018701
0.42	0.049689136
0.43	0.055121225
0.44	0.060997271
0.45	0.066330625
0.46	0.072000331
0.47	0.077636902
0.48	0.083593981
0.49	0.089847363
0.5	0.096441469
0.51	0.103145113
0.52	0.110190114
0.53	0.117583376
0.54	0.125340577
0.55	0.133435064
0.56	0.141547796
0.57	0.150021603
0.58	0.158870244
0.59	0.168044904
0.6	0.177611301
0.61	0.187533789
0.62	0.197866305
0.63	0.208715983
0.64	0.220005045
0.65	0.231744532
0.66	0.243958528
0.67	0.256695892
0.68	0.269924396
0.69	0.283656138
0.7	0.297904201
0.71	0.312551646
0.72	0.327732371
0.73	0.343458322
0.74	0.35974335
0.75	0.376599501
0.76	0.394041119
0.77	0.412080369
0.78	0.430732073
0.79	0.450008672
0.8	0.46992502
0.81	0.490426223
0.82	0.511590923
0.83	0.533432865
0.84	0.555966569
0.85	0.579206458
0.86	0.603166988
0.87	0.627863228
0.88	0.653309597
0.89	0.679521787
0.9	0.706514292
0.91	0.734173583
0.92	0.762069054
0.93	0.789061159
0.94	0.813750558
0.95	0.837423293
0.96	0.859942437
0.97	0.880024011
0.98	0.897618595
0.99	0.913672892
1	0.928116578
1.01	0.940455399
1.02	0.950575399
1.03	0.959393089
1.04	0.966749549
1.05	0.972148571
1.06	0.976462147
1.07	0.979353022
1.08	0.981233189
1.09	0.98190953
1.1	0.981934337
1.11	0.981847862
1.12	0.980685498
1.13	0.979740113
1.14	0.978340806
1.15	0.976366828
1.16	0.974722202
1.17	0.973241065
1.18	0.971594173
1.19	0.969763835
1.2	0.968243109
1.21	0.966718201
1.22	0.965285982
1.23	0.964042909
1.24	0.96289903
1.25	0.961824709
1.26	0.960976812
1.27	0.960551382
1.28	0.960001041
1.29	0.959720963
1.3	0.959689965
1.31	0.959747728
1.32	0.959803555
1.33	0.960181088
1.34	0.960548349
1.35	0.961019724
1.36	0.961370237
1.37	0.961847403
1.38	0.962816949
1.39	0.963357172
1.4	0.964026777
1.41	0.964417675
1.42	0.965192297
1.43	0.965763522
1.44	0.965845666
1.45	0.96626325
1.46	0.966947344
1.47	0.967167145
1.48	0.967458528
1.49	0.967365003
1.5	0.967266637
1.51	0.966804325
1.52	0.966756586
1.53	0.965807427
1.54	0.963907668
1.55	0.961970304
1.56	0.959733372
1.57	0.95723258
1.58	0.955450255
1.59	0.953416283
1.6	0.951405472
1.61	0.948862936
1.62	0.946352054
1.63	0.943872166
1.64	0.941045274
1.65	0.937338757
1.66	0.933954728
1.67	0.929337486
1.68	0.925045295
1.69	0.920252981
1.7	0.914644909
1.71	0.909082988
1.72	0.903569636
1.73	0.898141793
1.74	0.892713968
1.75	0.887333851
1.76	0.881999931
1.77	0.876331062
1.78	0.871704758
1.79	0.866355193
1.8	0.861375926
1.81	0.855508453
1.82	0.850374576
1.83	0.844715302
1.84	0.839442793
1.85	0.834454011
1.86	0.827652855
1.87	0.823330314
1.88	0.817877165
1.89	0.811983785
1.9	0.807399082
1.91	0.801135175
1.92	0.796226924
1.93	0.790072999
1.94	0.785417569
1.95	0.779667683
1.96	0.774313949
1.97	0.769103727
1.98	0.758438704
1.99	0.748040166
2	0.737765746
2.01	0.72567139
2.02	0.713849711
2.03	0.70229261
2.04	0.690992389
2.05	0.679941485
2.06	0.669132757
2.07	0.658559196
2.08	0.648214119
2.09	0.638091036
2.1	0.628183688
2.11	0.618486062
2.12	0.608992289
2.13	0.599696797
2.14	0.590594074
2.15	0.581678957
2.16	0.572946254
2.17	0.564391174
2.18	0.556008871
2.19	0.547794838
2.2	0.53974456
2.21	0.530678744
2.22	0.521815382
2.23	0.513148713
2.24	0.504673118
2.25	0.496383199
2.26	0.488273741
2.27	0.480339692
2.28	0.472576201
2.29	0.464978543
2.3	0.457542183
2.31	0.450262727
2.32	0.443135908
2.33	0.432990577
2.34	0.42007857
2.35	0.407634325
2.36	0.395637869
2.37	0.384070363
2.38	0.372913689
2.39	0.362150801
2.4	0.351765264
2.41	0.341741616
2.42	0.332064945
2.43	0.322721204
2.44	0.313696851
2.45	0.304979097
2.46	0.296555643
2.47	0.288414825
2.48	0.28054546
2.49	0.272936903
2.5	0.265578973
2.51	0.258461941
2.52	0.251576522
2.53	0.244913839
2.54	0.238465391
2.55	0.23222308
2.56	0.226179112
2.57	0.220326091
2.58	0.214656865
2.59	0.209164676
2.6	0.203842951
2.61	0.198685509
2.62	0.193686302
2.63	0.188839668
2.64	0.184140055
2.65	0.17958225
2.66	0.175161163
2.67	0.170871986
2.68	0.166710047
2.69	0.16267091
2.7	0.158750285
2.71	0.154944072
2.72	0.151248327
2.73	0.147659261
2.74	0.14417324
2.75	0.140786772
2.76	0.137496491
2.77	0.134299182
2.78	0.131191724
2.79	0.128171157
2.8	0.125234583
2.81	0.122379273
2.82	0.119602535
2.83	0.116901852
2.84	0.11427472
2.85	0.111718814
2.86	0.109231815
2.87	0.106811559
2.88	0.104455901
2.89	0.102162826
2.9	0.099930351
2.91	0.097756596
2.92	0.095639727
2.93	0.093577988
2.94	0.091569682
2.95	0.089613169
2.96	0.087706872
2.97	0.085849269
2.98	0.084038885
2.99	0.082274309
3	0.08055416
3.01	0.07887713
3.02	0.077241923
3.03	0.075647328
3.04	0.074092129
3.05	0.072575202
3.06	0.071095404
3.07	0.06965169
3.08	0.068242995
3.09	0.066868337
3.1	0.065526726
3.11	0.064217238
3.12	0.062938952
3.13	0.061690999
3.14	0.060472522
3.15	0.059282702
3.16	0.058120743
3.17	0.056985872
3.18	0.055877344
3.19	0.054794439
3.2	0.053736454
3.21	0.052702717
3.22	0.051692564
3.23	0.050705371
3.24	0.049740508
3.25	0.048797394
3.26	0.047875435
3.27	0.046974088
3.28	0.046092789
3.29	0.045231033
3.3	0.04438829
3.31	0.043564081
3.32	0.042757913
3.33	0.04196933
3.34	0.041197872
3.35	0.040443106
3.36	0.039704604
3.37	0.038981953
3.38	0.038274753
3.39	0.037582613
3.4	0.036905157
3.41	0.036242018
3.42	0.035592838
3.43	0.034957274
3.44	0.034334986
3.45	0.033725654
3.46	0.033128951
3.47	0.032544581
3.48	0.031972231
3.49	0.031411624
3.5	0.030862462
3.51	0.030324486
3.52	0.029797413
3.53	0.029280997
3.54	0.028774974
3.55	0.028279106
3.56	0.027793148
3.57	0.027316873
3.58	0.02685005
3.59	0.026392461
3.6	0.025943892
3.61	0.025504133
3.62	0.025072982
3.63	0.024650242
3.64	0.02423572
3.65	0.02382923
3.66	0.023430587
3.67	0.023039618
3.68	0.022656144
3.69	0.022280005
3.7	0.021911027
3.71	0.021549062
3.72	0.021193942
3.73	0.020845526
3.74	0.020503658
3.75	0.020168202
3.76	0.019839011
3.77	0.019515953
3.78	0.019198891
3.79	0.018887698
3.8	0.018582245
3.81	0.018282411
3.82	0.017988074
3.83	0.017699117
3.84	0.017415425
3.85	0.017136887
3.86	0.016863393
3.87	0.016594839
3.88	0.016331117
3.89	0.016072132
3.9	0.015817778
3.91	0.015567967
3.92	0.015322596
3.93	0.015081582
3.94	0.014844826
3.95	0.01461225
3.96	0.014383761
3.97	0.014159282
3.98	0.013938726
3.99	0.013722018
4	0.013509076
4.01	0.013299828
4.02	0.013094199
4.03	0.012892115
4.04	0.012693508
4.05	0.012498306
4.06	0.012306443
4.07	0.012117854
4.08	0.011932473
4.09	0.011750239
4.1	0.011571087
4.11	0.011394962
4.12	0.0112218
4.13	0.011051548
4.14	0.010884145
4.15	0.010719543
4.16	0.01055768
4.17	0.010398511
4.18	0.010241978
4.19	0.010088037
4.2	0.009936634
4.21	0.009787725
4.22	0.009641259
4.23	0.009497193
4.24	0.009355481
4.25	0.00921608
4.26	0.009078945
4.27	0.008944035
4.28	0.008811309
4.29	0.008680726
4.3	0.008552247
4.31	0.008425833
4.32	0.008301447
4.33	0.008179051
4.34	0.008058609
4.35	0.007940087
4.36	0.007823447
4.37	0.007708659
4.38	0.007595685
4.39	0.007484498
4.4	0.00737506
