0.38	0.395804809
0.39	0.419433554
0.4	0.443747296
0.41	0.468746033
0.42	0.494429767
0.43	0.520798496
0.44	0.547852221
0.45	0.575590942
0.46	0.604014659
0.47	0.633123372
0.48	0.66291708
0.49	0.693395785
0.5	0.724559486
0.51	0.756408182
0.52	0.792693029
0.53	0.830252819
0.54	0.866464781
0.55	0.89903071
0.56	0.927045075
0.57	0.949280171
0.58	0.966122094
0.59	0.978065815
0.6	0.985975519
0.61	0.990754071
0.62	0.99325581
0.63	0.994317097
0.64	0.994486421
0.65	0.994226557
0.66	0.993851879
0.67	0.993541063
0.68	0.993384179
0.69	0.99338976
0.7	0.993627584
0.71	0.993978691
0.72	0.994417613
0.73	0.994873786
0.74	0.995352612
0.75	0.995767488
0.76	0.996058691
0.77	0.996216785
0.78	0.99628306
0.79	0.996285656
0.8	0.996142727
0.81	0.995767288
0.82	0.995558742
0.83	0.995118372
0.84	0.994619457
0.85	0.994181887
0.86	0.993748999
0.87	0.993330956
0.88	0.992943891
0.89	0.992966611
0.9	0.992066597
0.91	0.991974567
0.92	0.99224589
0.93	0.992030143
0.94	0.992072175
0.95	0.991811631
0.96	0.992340523
0.97	0.992359052
0.98	0.992358853
0.99	0.992775296
1	0.993101738
1.01	0.993246441
1.02	0.993483451
1.03	0.993786482
1.04	0.994133031
1.05	0.994334647
1.06	0.994330259
1.07	0.994510754
1.08	0.99445092
1.09	0.99433365
1.1	0.994250488
1.11	0.993741024
1.12	0.993450559
1.13	0.992999893
1.14	0.992444725
1.15	0.991632577
1.16	0.990739539
1.17	0.98959083
1.18	0.988528091
1.19	0.98727673
1.2	0.985792624
1.21	0.984309635
1.22	0.982827761
1.23	0.981347004
1.24	0.979867364
1.25	0.97838884
1.26	0.976911432
1.27	0.97543514
1.28	0.973959965
1.29	0.972485906
1.3	0.971012963
1.31	0.969541137
1.32	0.968070426
1.33	0.966600833
1.34	0.965132355
1.35	0.963664994
1.36	0.962198749
1.37	0.960733621
1.38	0.959269609
1.39	0.957806713
1.4	0.956344933
1.41	0.95488427
1.42	0.953424723
1.43	0.951966293
1.44	0.950508979
1.45	0.949052781
1.46	0.947597699
1.47	0.946143734
1.48	0.944690885
1.49	0.943239152
1.5	0.941788536
1.51	0.940339036
1.52	0.938890652
1.53	0.937443385
1.54	0.935997233
1.55	0.934552199
1.56	0.93310828
1.57	0.931665478
1.58	0.930223792
1.59	0.928783223
1.6	0.92734377
1.61	0.925905433
1.62	0.924468212
1.63	0.923032108
1.64	0.92159712
1.65	0.920163248
1.66	0.918730493
1.67	0.917298854
1.68	0.915868332
1.69	0.914438925
1.7	0.913010635
1.71	0.911583461
1.72	0.910157404
1.73	0.908732463
1.74	0.907308638
1.75	0.90588593
1.76	0.904464338
1.77	0.903043862
1.78	0.901624502
1.79	0.900206259
1.8	0.898789132
1.81	0.897373122
1.82	0.895958228
1.83	0.89454445
1.84	0.893131788
1.85	0.891720243
1.86	0.890309814
1.87	0.888900501
1.88	0.887492305
1.89	0.886085225
1.9	0.884679261
1.91	0.883274414
1.92	0.881870683
1.93	0.880468068
1.94	0.87906657
1.95	0.877666188
1.96	0.876266922
1.97	0.874868772
1.98	0.873471739
1.99	0.872075823
2	0.870681022
2.01	0.869287338
2.02	0.86789477
2.03	0.866503318
2.04	0.865112983
2.05	0.863723764
2.06	0.862335662
2.07	0.860948675
2.08	0.859562805
2.09	0.858178052
2.1	0.856794414
2.11	0.855411893
2.12	0.854030489
2.13	0.8526502
2.14	0.851271028
2.15	0.849892972
2.16	0.848516033
2.17	0.84714021
2.18	0.845765503
2.19	0.844391912
2.2	0.843019438
2.21	0.84164808
2.22	0.840277839
2.23	0.838908714
2.24	0.837540705
2.25	0.836173812
2.26	0.834808036
2.27	0.833443376
2.28	0.832079832
2.29	0.830717405
2.3	0.829356094
2.31	0.827995899
2.32	0.826636821
2.33	0.825278859
2.34	0.823922013
2.35	0.822566284
2.36	0.821211671
2.37	0.819858174
2.38	0.818505793
2.39	0.817154529
2.4	0.815804381
2.41	0.81445535
2.42	0.813107435
2.43	0.811760636
2.44	0.810414953
2.45	0.809070387
2.46	0.807726937
2.47	0.806384603
2.48	0.805043386
2.49	0.803703285
2.5	0.8023643
2.51	0.801026432
2.52	0.79968968
2.53	0.798354044
2.54	0.797019525
2.55	0.795686122
2.56	0.794353835
2.57	0.793022665
2.58	0.79169261
2.59	0.790363673
2.6	0.789035851
2.61	0.787709146
2.62	0.786383557
2.63	0.785059084
2.64	0.783735728
2.65	0.782413488
2.66	0.781092365
2.67	0.779772357
2.68	0.778453466
2.69	0.777135692
2.7	0.775819033
2.71	0.774503491
2.72	0.773189066
2.73	0.771875756
2.74	0.770563563
2.75	0.769252487
2.76	0.767942526
2.77	0.766633682
2.78	0.765325954
2.79	0.764019343
2.8	0.762713848
2.81	0.761409469
2.82	0.760106206
2.83	0.75880406
2.84	0.75750303
2.85	0.756203116
2.86	0.754904319
2.87	0.753606638
2.88	0.752310074
2.89	0.751014625
2.9	0.749720293
2.91	0.748427078
2.92	0.747134978
2.93	0.745843995
2.94	0.744554129
2.95	0.743265378
2.96	0.741977744
2.97	0.740691226
2.98	0.739405825
2.99	0.73812154
3	0.736838371
3.01	0.735556318
3.02	0.734275382
3.03	0.732995562
3.04	0.731716859
3.05	0.730439271
3.06	0.7291628
3.07	0.727887446
3.08	0.726613208
3.09	0.725340086
3.1	0.72406808
3.11	0.722797191
3.12	0.721527418
3.13	0.720258761
3.14	0.71899122
3.15	0.717724796
3.16	0.716459489
3.17	0.715195297
3.18	0.713932222
3.19	0.712670263
3.2	0.711409421
3.21	0.710149695
3.22	0.708891085
3.23	0.707633591
3.24	0.706377214
3.25	0.705121953
3.26	0.703867808
3.27	0.70261478
3.28	0.701362868
3.29	0.700112073
3.3	0.698862393
3.31	0.69761383
3.32	0.696366384
3.33	0.695120053
3.34	0.693874839
3.35	0.692630741
3.36	0.69138776
3.37	0.690145895
3.38	0.688905146
3.39	0.687665514
3.4	0.686426997
3.41	0.685189598
3.42	0.683953314
3.43	0.682718147
3.44	0.681484096
3.45	0.680251161
3.46	0.679019343
3.47	0.677788641
3.48	0.676559056
3.49	0.675330586
3.5	0.674103233
3.51	0.672876997
3.52	0.671651876
3.53	0.670427872
3.54	0.669204984
3.55	0.667983213
3.56	0.666762558
3.57	0.665543019
3.58	0.664324597
3.59	0.663107291
3.6	0.661891101
3.61	0.660676027
3.62	0.65946207
3.63	0.658249229
3.64	0.657037505
3.65	0.655826896
3.66	0.654617405
3.67	0.653409029
3.68	0.65220177
3.69	0.650995627
3.7	0.6497906
3.71	0.64858669
3.72	0.647383896
3.73	0.646182218
3.74	0.644981657
3.75	0.643782211
3.76	0.642583883
3.77	0.64138667
3.78	0.640190574
3.79	0.638995594
3.8	0.637801731
3.81	0.636608984
3.82	0.635417353
3.83	0.634226838
3.84	0.63303744
3.85	0.631849158
3.86	0.630661993
3.87	0.629475943
3.88	0.62829101
3.89	0.627107194
3.9	0.625924493
3.91	0.624742909
3.92	0.623562442
3.93	0.62238309
3.94	0.621204855
3.95	0.620027737
3.96	0.618851734
3.97	0.617676848
3.98	0.616503078
3.99	0.615330425
4	0.614158888
4.01	0.612988467
4.02	0.611819162
4.03	0.610650974
4.04	0.609483902
4.05	0.608317947
4.06	0.607153108
4.07	0.605989385
4.08	0.604826778
4.09	0.603665288
4.1	0.602504914
4.11	0.601345656
4.12	0.600187515
4.13	0.59903049
4.14	0.597874581
4.15	0.596719789
4.16	0.595566112
4.17	0.594413553
4.18	0.593262109
4.19	0.592111782
4.2	0.590962571
4.21	0.589814477
4.22	0.588667499
4.23	0.587521637
4.24	0.586376891
4.25	0.585233262
4.26	0.584090749
4.27	0.582949353
4.28	0.581809072
4.29	0.580669908
4.3	0.579531861
4.31	0.578394929
4.32	0.577259114
4.33	0.576124416
4.34	0.574990833
4.35	0.573858367
4.36	0.572727017
4.37	0.571596784
4.38	0.570467667
4.39	0.569339666
4.4	0.568212782
