0.8	0.99
0.81	0.99
0.82	0.99
0.83	0.99
0.84	0.99
0.85	0.99
0.86	0.99
0.87	0.99
0.88	0.99
0.89	0.99
0.9	0.99
0.91	0.99
0.92	0.99
0.93	0.99
0.94	0.99
0.95	0.99
0.96	0.99
0.97	0.99
0.98	0.99
0.99	0.99
1	0.99
1.01	0.98953604
1.02	0.989076866
1.03	0.988622382
1.04	0.988172494
1.05	0.987727114
1.06	0.987286153
1.07	0.986849527
1.08	0.986417153
1.09	0.985988951
1.1	0.985564843
1.11	0.985144753
1.12	0.984728607
1.13	0.984316334
1.14	0.983907863
1.15	0.983503127
1.16	0.98310206
1.17	0.982704597
1.18	0.982310676
1.19	0.981920234
1.2	0.981533213
1.21	0.981149555
1.22	0.980769202
1.23	0.9803921
1.24	0.980018195
1.25	0.979647434
1.26	0.979279766
1.27	0.97891514
1.28	0.978553509
1.29	0.978194824
1.3	0.977839039
1.31	0.977486108
1.32	0.977135987
1.33	0.976788632
1.34	0.976444001
1.35	0.976102053
1.36	0.975762747
1.37	0.975426044
1.38	0.975091904
1.39	0.97476029
1.4	0.974431164
1.41	0.974104492
1.42	0.973780236
1.43	0.973458362
1.44	0.973138837
1.45	0.972821627
1.46	0.972506699
1.47	0.972194022
1.48	0.971883565
1.49	0.971575296
1.5	0.971269186
1.51	0.970965205
1.52	0.970663325
1.53	0.970363518
1.54	0.970065755
1.55	0.96977001
1.56	0.969476256
1.57	0.969184468
1.58	0.968894619
1.59	0.968606685
1.6	0.968320641
1.61	0.968036462
1.62	0.967754126
1.63	0.967473609
1.64	0.967194888
1.65	0.966917942
1.66	0.966642747
1.67	0.966369282
1.68	0.966097527
1.69	0.965827461
1.7	0.965559062
1.71	0.965292312
1.72	0.96502719
1.73	0.964763677
1.74	0.964501755
1.75	0.964241404
1.76	0.963982606
1.77	0.963725343
1.78	0.963469598
1.79	0.963215353
1.8	0.962962591
1.81	0.962711294
1.82	0.962461448
1.83	0.962213035
1.84	0.961966039
1.85	0.961720445
1.86	0.961476236
1.87	0.961233399
1.88	0.960991918
1.89	0.960751778
1.9	0.960512965
1.91	0.960275465
1.92	0.960039262
1.93	0.959804345
1.94	0.959570699
1.95	0.95933831
1.96	0.959107166
1.97	0.958877253
1.98	0.95864856
1.99	0.958421072
2	0.958194779
2.01	0.957969667
2.02	0.957745725
2.03	0.95752294
2.04	0.957301302
2.05	0.957080799
2.06	0.956861419
2.07	0.956643151
2.08	0.956425984
2.09	0.956209909
2.1	0.955994913
2.11	0.955780986
2.12	0.955568118
2.13	0.9553563
2.14	0.955145519
2.15	0.954935768
2.16	0.954727036
2.17	0.954519313
2.18	0.954312591
2.19	0.954106858
2.2	0.953902107
2.21	0.953698329
2.22	0.953495513
2.23	0.953293652
2.24	0.953092737
2.25	0.952892758
2.26	0.952693708
2.27	0.952495579
2.28	0.952298361
2.29	0.952102046
2.3	0.951906628
2.31	0.951712097
2.32	0.951518445
2.33	0.951325666
2.34	0.951133752
2.35	0.950942694
2.36	0.950752485
2.37	0.950563119
2.38	0.950374587
2.39	0.950186883
2.4	0.95
2.41	0.440310719
2.42	0.204728258
2.43	0.095492177
2.44	0.044680499
2.45	0.020970912
2.46	0.009873126
2.47	0.004662505
2.48	0.002208516
2.49	0.001049271
2.5	5.00E-04
2.51	5.00E-04
2.52	5.00E-04
2.53	5.00E-04
2.54	5.00E-04
2.55	5.00E-04
2.56	5.00E-04
2.57	5.00E-04
2.58	5.00E-04
2.59	5.00E-04
2.6	5.00E-04
2.61	5.00E-04
2.62	5.00E-04
2.63	5.00E-04
2.64	5.00E-04
2.65	5.00E-04
2.66	5.00E-04
2.67	5.00E-04
2.68	5.00E-04
2.69	5.00E-04
2.7	5.00E-04
2.71	5.00E-04
2.72	5.00E-04
2.73	5.00E-04
2.74	5.00E-04
2.75	5.00E-04
2.76	5.00E-04
2.77	5.00E-04
2.78	5.00E-04
2.79	5.00E-04
2.8	5.00E-04
2.81	5.00E-04
2.82	5.00E-04
2.83	5.00E-04
2.84	5.00E-04
2.85	5.00E-04
2.86	5.00E-04
2.87	5.00E-04
2.88	5.00E-04
2.89	5.00E-04
2.9	5.00E-04
2.91	5.00E-04
2.92	5.00E-04
2.93	5.00E-04
2.94	5.00E-04
2.95	5.00E-04
2.96	5.00E-04
2.97	5.00E-04
2.98	5.00E-04
2.99	5.00E-04
3	5.00E-04
3.01	5.00E-04
3.02	5.00E-04
3.03	5.00E-04
3.04	5.00E-04
3.05	5.00E-04
3.06	5.00E-04
3.07	5.00E-04
3.08	5.00E-04
3.09	5.00E-04
3.1	5.00E-04
3.11	5.00E-04
3.12	5.00E-04
3.13	5.00E-04
3.14	5.00E-04
3.15	5.00E-04
3.16	5.00E-04
3.17	5.00E-04
3.18	5.00E-04
3.19	5.00E-04
3.2	5.00E-04
3.21	5.00E-04
3.22	5.00E-04
3.23	5.00E-04
3.24	5.00E-04
3.25	5.00E-04
3.26	5.00E-04
3.27	5.00E-04
3.28	5.00E-04
3.29	5.00E-04
3.3	5.00E-04
3.31	5.00E-04
3.32	5.00E-04
3.33	5.00E-04
3.34	5.00E-04
3.35	5.00E-04
3.36	5.00E-04
3.37	5.00E-04
3.38	5.00E-04
3.39	5.00E-04
3.4	5.00E-04
3.41	5.00E-04
3.42	5.00E-04
3.43	5.00E-04
3.44	5.00E-04
3.45	5.00E-04
3.46	5.00E-04
3.47	5.00E-04
3.48	5.00E-04
3.49	5.00E-04
3.5	5.00E-04
3.51	0.00050746
3.52	0.00051501
3.53	0.00052265
3.54	0.000530381
3.55	0.000538205
3.56	0.000546121
3.57	0.000554131
3.58	0.000562236
3.59	0.000570436
3.6	0.000578732
3.61	0.000587126
3.62	0.000595617
3.63	0.000604208
3.64	0.000612898
3.65	0.000621689
3.66	0.000630581
3.67	0.000639576
3.68	0.000648674
3.69	0.000657876
3.7	0.000667184
3.71	0.000676597
3.72	0.000686117
3.73	0.000695745
3.74	0.000705482
3.75	0.000715329
3.76	0.000725286
3.77	0.000735355
3.78	0.000745537
3.79	0.000755832
3.8	0.000766241
3.81	0.000776766
3.82	0.000787408
3.83	0.000798166
3.84	0.000809043
3.85	0.00082004
3.86	0.000831157
3.87	0.000842395
3.88	0.000853755
3.89	0.000865239
3.9	0.000876848
3.91	0.000888581
3.92	0.000900441
3.93	0.000912429
3.94	0.000924545
3.95	0.000936791
3.96	0.000949167
3.97	0.000961675
3.98	0.000974316
3.99	0.000987091
4	1.00E-03
4.01	0.001099476
4.02	0.001208563
4.03	0.00132816
4.04	0.001459252
4.05	0.001602909
4.06	0.001760301
4.07	0.001932702
4.08	0.002121501
4.09	0.002328213
4.1	0.002554485
4.11	0.002802115
4.12	0.003073059
4.13	0.003369447
4.14	0.003693599
4.15	0.004048038
4.16	0.004435511
4.17	0.004859005
4.18	0.005321772
4.19	0.005827345
4.2	0.006379567
4.21	0.006982617
4.22	0.007641035
4.23	0.008359754
4.24	0.009144135
4.25	0.01
4.26	0.015883195
4.27	0.025200236
4.28	0.039939482
4.29	0.063231502
4.3	0.1
4.31	0.114943669
4.32	0.132077834
4.33	0.151717365
4.34	0.174221507
4.35	0.2
4.36	0.18647355
4.37	0.17388982
4.38	0.16218117
4.39	0.151284956
4.4	0.141143142
4.41	0.131701958
4.42	0.122911576
4.43	0.114725811
4.44	0.107101851
4.45	0.1
4.46	0.122979351
4.47	0.151169161
4.48	0.185735071
4.49	0.228099971
4.5	0.28
