0.38	0.605115979
0.39	0.581496728
0.4	0.55719999
0.41	0.532218386
0.42	0.506554967
0.43	0.480208232
0.44	0.453178304
0.45	0.425465358
0.46	0.397068426
0.47	0.367988608
0.48	0.338224328
0.49	0.307777211
0.5	0.276645339
0.51	0.244830636
0.52	0.208585891
0.53	0.171069131
0.54	0.134896589
0.55	0.102365768
0.56	0.074378246
0.57	0.052162482
0.58	0.035331158
0.59	0.023391987
0.6	0.015480746
0.61	0.010697225
0.62	0.008187371
0.63	0.007116881
0.64	0.006937379
0.65	0.007187084
0.66	0.007552138
0.67	0.00785358
0.68	0.008002258
0.69	0.007988498
0.7	0.00774394
0.71	0.007385888
0.72	0.006941183
0.73	0.006478916
0.74	0.005994886
0.75	0.005574473
0.76	0.005278195
0.77	0.00511484
0.78	0.005043543
0.79	0.005036017
0.8	0.005173975
0.81	0.005544452
0.82	0.005748246
0.83	0.00618398
0.84	0.006678044
0.85	0.007111341
0.86	0.007539724
0.87	0.00795379
0.88	0.008336747
0.89	0.008310805
0.9	0.009206351
0.91	0.009295181
0.92	0.009021154
0.93	0.009233697
0.94	0.009188898
0.95	0.009446327
0.96	0.008915488
0.97	0.008894333
0.98	0.008892071
0.99	0.008473653
1	0.008145301
1.01	0.007998416
1.02	0.007759509
1.03	0.007454624
1.04	0.007106432
1.05	0.006902974
1.06	0.00690535
1.07	0.006723114
1.08	0.006780951
1.09	0.006896206
1.1	0.006977436
1.11	0.007484493
1.12	0.007772845
1.13	0.008221264
1.14	0.008774077
1.15	0.009583612
1.16	0.010473955
1.17	0.011619714
1.18	0.012679622
1.19	0.01392798
1.2	0.015408804
1.21	0.016888574
1.22	0.018367236
1.23	0.019844837
1.24	0.021321331
1.25	0.022796758
1.26	0.024271082
1.27	0.025744325
1.28	0.027216473
1.29	0.028687535
1.3	0.030157503
1.31	0.031626377
1.32	0.033094166
1.33	0.034560845
1.34	0.036026451
1.35	0.037490939
1.36	0.038954356
1.37	0.040416655
1.38	0.041877875
1.39	0.043337982
1.4	0.044797005
1.41	0.046254917
1.42	0.047711737
1.43	0.049167454
1.44	0.050622071
1.45	0.052075589
1.46	0.053528004
1.47	0.054979321
1.48	0.056429529
1.49	0.057878642
1.5	0.059326647
1.51	0.060773554
1.52	0.062219352
1.53	0.063664052
1.54	0.065107643
1.55	0.066550133
1.56	0.067991516
1.57	0.069431795
1.58	0.070870968
1.59	0.072309036
1.6	0.073745997
1.61	0.075181854
1.62	0.0766166
1.63	0.078050245
1.64	0.079482779
1.65	0.080914209
1.66	0.08234453
1.67	0.083773744
1.68	0.08520185
1.69	0.086628848
1.7	0.088054738
1.71	0.089479518
1.72	0.090903192
1.73	0.092325754
1.74	0.093747212
1.75	0.095167556
1.76	0.096586796
1.77	0.098004922
1.78	0.099421942
1.79	0.10083785
1.8	0.102252649
1.81	0.103666339
1.82	0.105078917
1.83	0.106490387
1.84	0.107900744
1.85	0.109309994
1.86	0.110718132
1.87	0.112125159
1.88	0.113531076
1.89	0.11493588
1.9	0.116339576
1.91	0.117742158
1.92	0.119143633
1.93	0.120543991
1.94	0.121943244
1.95	0.123341378
1.96	0.124738409
1.97	0.126134324
1.98	0.127529128
1.99	0.128922822
2	0.1303154
2.01	0.131706873
2.02	0.133097224
2.03	0.134486474
2.04	0.135874598
2.05	0.137261625
2.06	0.138647525
2.07	0.140032328
2.08	0.141416006
2.09	0.142798582
2.1	0.144180038
2.11	0.145560384
2.12	0.14693962
2.13	0.148317737
2.14	0.14969475
2.15	0.151070638
2.16	0.152445429
2.17	0.153819087
2.18	0.155191656
2.19	0.156563091
2.2	0.157933429
2.21	0.159302642
2.22	0.160670751
2.23	0.16203774
2.24	0.163403619
2.25	0.164768385
2.26	0.166132034
2.27	0.167494579
2.28	0.168855997
2.29	0.170216319
2.3	0.171575511
2.31	0.172933604
2.32	0.17429057
2.33	0.175646438
2.34	0.177001177
2.35	0.178354813
2.36	0.179707329
2.37	0.181058734
2.38	0.182409026
2.39	0.1837582
2.4	0.18510627
2.41	0.186453217
2.42	0.187799058
2.43	0.189143779
2.44	0.190487392
2.45	0.191829886
2.46	0.19317127
2.47	0.194511537
2.48	0.195850694
2.49	0.197188734
2.5	0.198525662
2.51	0.199861475
2.52	0.201196176
2.53	0.202529761
2.54	0.203862235
2.55	0.20519359
2.56	0.206523838
2.57	0.207852964
2.58	0.209180985
2.59	0.210507881
2.6	0.211833675
2.61	0.213158342
2.62	0.21448191
2.63	0.215804353
2.64	0.217125688
2.65	0.218445907
2.66	0.21976501
2.67	0.221083005
2.68	0.222399875
2.69	0.223715646
2.7	0.225030284
2.71	0.226343831
2.72	0.227656236
2.73	0.228967556
2.74	0.230277737
2.75	0.231586824
2.76	0.232894781
2.77	0.234201636
2.78	0.235507368
2.79	0.23681199
2.8	0.238115499
2.81	0.239417888
2.82	0.240719173
2.83	0.242019329
2.84	0.243318389
2.85	0.244616318
2.86	0.245913149
2.87	0.247208851
2.88	0.248503451
2.89	0.249796926
2.9	0.251089297
2.91	0.252380545
2.92	0.253670685
2.93	0.254959706
2.94	0.256247613
2.95	0.25753441
2.96	0.25882009
2.97	0.260104657
2.98	0.26138811
2.99	0.262670447
3	0.263951673
3.01	0.265231779
3.02	0.266510778
3.03	0.267788654
3.04	0.269065426
3.05	0.270341072
3.06	0.271615617
3.07	0.272889039
3.08	0.274161351
3.09	0.275432549
3.1	0.276702627
3.11	0.277971601
3.12	0.279239446
3.13	0.280506196
3.14	0.281771808
3.15	0.283036331
3.16	0.284299712
3.17	0.285562009
3.18	0.286823166
3.19	0.288083229
3.2	0.289342162
3.21	0.290599992
3.22	0.291856701
3.23	0.293112298
3.24	0.294366783
3.25	0.295620146
3.26	0.296872408
3.27	0.298123538
3.28	0.299373576
3.29	0.300622478
3.3	0.301870286
3.31	0.303116961
3.32	0.304362539
3.33	0.305606988
3.34	0.306850336
3.35	0.308092557
3.36	0.309333671
3.37	0.310573669
3.38	0.31181255
3.39	0.313050324
3.4	0.314286978
3.41	0.315522522
3.42	0.316756949
3.43	0.317990263
3.44	0.319222463
3.45	0.320453547
3.46	0.32168352
3.47	0.322912374
3.48	0.324140121
3.49	0.325366744
3.5	0.326592264
3.51	0.327816664
3.52	0.32903995
3.53	0.330262127
3.54	0.33148318
3.55	0.332703133
3.56	0.333921953
3.57	0.335139679
3.58	0.336356268
3.59	0.337571768
3.6	0.338786128
3.61	0.339999401
3.62	0.341211537
3.63	0.342422577
3.64	0.34363249
3.65	0.344841296
3.66	0.346048986
3.67	0.347255559
3.68	0.348461025
3.69	0.349665365
3.7	0.350868608
3.71	0.352070714
3.72	0.353271735
3.73	0.354471614
3.74	0.355670405
3.75	0.356868058
3.76	0.358064619
3.77	0.359260045
3.78	0.360454373
3.79	0.361647577
3.8	0.362839671
3.81	0.364030651
3.82	0.365220512
3.83	0.36640927
3.84	0.367596904
3.85	0.368783432
3.86	0.36996884
3.87	0.371153139
3.88	0.37233632
3.89	0.373518389
3.9	0.374699344
3.91	0.375879183
3.92	0.377057912
3.93	0.378235521
3.94	0.379412025
3.95	0.380587411
3.96	0.381761681
3.97	0.382934845
3.98	0.384106881
3.99	0.385277819
4	0.386447626
4.01	0.387616338
4.02	0.388783915
4.03	0.389950401
4.04	0.391115748
4.05	0.392280009
4.06	0.393443133
4.07	0.39460516
4.08	0.395766063
4.09	0.396925857
4.1	0.398084537
4.11	0.399242098
4.12	0.400398556
4.13	0.401553883
4.14	0.40270812
4.15	0.403861213
4.16	0.405013229
4.17	0.406164096
4.18	0.407313882
4.19	0.408462524
4.2	0.409610076
4.21	0.410756496
4.22	0.411901815
4.23	0.413046014
4.24	0.414189099
4.25	0.415331076
4.26	0.416471929
4.27	0.417611684
4.28	0.418750311
4.29	0.419887837
4.3	0.421024238
4.31	0.422159535
4.32	0.423293711
4.33	0.424426778
4.34	0.425558729
4.35	0.426689567
4.36	0.427819293
4.37	0.428947901
4.38	0.430075402
4.39	0.431201789
4.4	0.432327057
