0.38	0.32441846
0.39	0.382295346
0.4	0.421925519
0.41	0.453056466
0.42	0.48362136
0.43	0.511657653
0.44	0.540011745
0.45	0.568389388
0.46	0.597498011
0.47	0.626947595
0.48	0.657108044
0.49	0.687977765
0.5	0.719558679
0.51	0.751634089
0.52	0.788140348
0.53	0.825936737
0.54	0.862415838
0.55	0.895123446
0.56	0.923066681
0.57	0.945254715
0.58	0.962073186
0.59	0.973917874
0.6	0.98174656
0.61	0.986457556
0.62	0.988902902
0.63	0.989938619
0.64	0.99008694
0.65	0.989808285
0.66	0.98941555
0.67	0.989376111
0.68	0.989481278
0.69	0.989741153
0.7	0.990224386
0.71	0.990613218
0.72	0.99108768
0.73	0.991578857
0.74	0.992090977
0.75	0.992538855
0.76	0.992862111
0.77	0.99305199
0.78	0.9931493
0.79	0.993182295
0.8	0.993069428
0.81	0.992723827
0.82	0.992544014
0.83	0.992132076
0.84	0.991661338
0.85	0.991250715
0.86	0.990844469
0.87	0.990452007
0.88	0.990090112
0.89	0.990136001
0.9	0.989261385
0.91	0.989191789
0.92	0.989484083
0.93	0.989290142
0.94	0.989352768
0.95	0.98911323
0.96	0.989660453
0.97	0.989698382
0.98	0.989717102
0.99	0.990151069
1	0.990494784
1.01	0.990656976
1.02	0.990910767
1.03	0.99123016
1.04	0.991592527
1.05	0.991810078
1.06	0.991821794
1.07	0.991869431
1.08	0.991679823
1.09	0.991435346
1.1	0.991227231
1.11	0.990596437
1.12	0.990186266
1.13	0.989618628
1.14	0.988949065
1.15	0.988025596
1.16	0.987023719
1.17	0.985769261
1.18	0.984602578
1.19	0.98325007
1.2	0.981667863
1.21	0.980088777
1.22	0.978512816
1.23	0.976939884
1.24	0.975369977
1.25	0.973803009
1.26	0.972238972
1.27	0.970677798
1.28	0.96911946
1.29	0.967563907
1.3	0.966011107
1.31	0.964461023
1.32	0.962913607
1.33	0.961368848
1.34	0.959826675
1.35	0.958287097
1.36	0.956750035
1.37	0.955215503
1.38	0.953683431
1.39	0.952153823
1.4	0.950626621
1.41	0.949101822
1.42	0.94757938
1.43	0.946059279
1.44	0.944541489
1.45	0.943025985
1.46	0.941512745
1.47	0.94000174
1.48	0.938492956
1.49	0.936986358
1.5	0.935481938
1.51	0.933979661
1.52	0.932479519
1.53	0.93098148
1.54	0.928772048
1.55	0.926576704
1.56	0.924395185
1.57	0.922227228
1.58	0.920072582
1.59	0.917930996
1.6	0.915802236
1.61	0.913686061
1.62	0.91158225
1.63	0.909490574
1.64	0.907410824
1.65	0.905342783
1.66	0.903286252
1.67	0.901241025
1.68	0.899206912
1.69	0.897183719
1.7	0.895171262
1.71	0.893169363
1.72	0.891177839
1.73	0.889196526
1.74	0.887225247
1.75	0.885263847
1.76	0.883312158
1.77	0.881370031
1.78	0.879437308
1.79	0.877513843
1.8	0.875599491
1.81	0.873694107
1.82	0.871797557
1.83	0.8699097
1.84	0.868030408
1.85	0.866159548
1.86	0.864296996
1.87	0.862442627
1.88	0.860596321
1.89	0.858757961
1.9	0.856927427
1.91	0.855104611
1.92	0.853289398
1.93	0.851481686
1.94	0.849681359
1.95	0.847888327
1.96	0.846102472
1.97	0.84432371
1.98	0.840620798
1.99	0.836956589
2	0.833330369
2.01	0.829741427
2.02	0.826189097
2.03	0.82267269
2.04	0.819191581
2.05	0.815745108
2.06	0.812332679
2.07	0.808953662
2.08	0.805607491
2.09	0.80229357
2.1	0.79901135
2.11	0.795760274
2.12	0.792539804
2.13	0.789349424
2.14	0.786188606
2.15	0.783056869
2.16	0.779953698
2.17	0.776878647
2.18	0.773831209
2.19	0.770810965
2.2	0.767817435
2.21	0.764850208
2.22	0.761908836
2.23	0.758992914
2.24	0.756102026
2.25	0.753235772
2.26	0.750393766
2.27	0.74757561
2.28	0.744780951
2.29	0.742009393
2.3	0.739260607
2.31	0.736534212
2.32	0.733829891
2.33	0.730328797
2.34	0.726052727
2.35	0.721826676
2.36	0.717649747
2.37	0.71352104
2.38	0.709439687
2.39	0.705404842
2.4	0.701415663
2.41	0.697471355
2.42	0.693571112
2.43	0.689714173
2.44	0.685899769
2.45	0.682127172
2.46	0.678395652
2.47	0.674704507
2.48	0.671053043
2.49	0.667440589
2.5	0.663866482
2.51	0.660330078
2.52	0.656830744
2.53	0.653367865
2.54	0.649940834
2.55	0.646549064
2.56	0.643191969
2.57	0.639868995
2.58	0.636579573
2.59	0.633323177
2.6	0.630099259
2.61	0.626907318
2.62	0.623746825
2.63	0.620617301
2.64	0.617518244
2.65	0.614449184
2.66	0.611409652
2.67	0.608399183
2.68	0.605417343
2.69	0.60246367
2.7	0.59953776
2.71	0.596639157
2.72	0.593767488
2.73	0.590922302
2.74	0.588103243
2.75	0.585309886
2.76	0.582541877
2.77	0.57979882
2.78	0.577080362
2.79	0.574386135
2.8	0.571715786
2.81	0.569068973
2.82	0.566445346
2.83	0.563844588
2.84	0.561266349
2.85	0.558710332
2.86	0.556176199
2.87	0.553663663
2.88	0.5511724
2.89	0.54870213
2.9	0.546252546
2.91	0.543823374
2.92	0.54141432
2.93	0.539025118
2.94	0.536655491
2.95	0.534305171
2.96	0.5319739
2.97	0.529661419
2.98	0.527367475
2.99	0.525091823
3	0.522834214
3.01	0.520594416
3.02	0.518372184
3.03	0.516167299
3.04	0.513979522
3.05	0.511808642
3.06	0.509654426
3.07	0.507516671
3.08	0.505395159
3.09	0.503289682
3.1	0.501200041
3.11	0.499126023
3.12	0.497067449
3.13	0.495024101
3.14	0.492995816
3.15	0.490982374
3.16	0.488983626
3.17	0.486999351
3.18	0.485029408
3.19	0.483073591
3.2	0.481131749
3.21	0.479203697
3.22	0.477289277
3.23	0.475388321
3.24	0.473500665
3.25	0.471626157
3.26	0.469764627
3.27	0.467915941
3.28	0.46607992
3.29	0.464256444
3.3	0.462445338
3.31	0.460646484
3.32	0.458859715
3.33	0.457084913
3.34	0.455321921
3.35	0.453570619
3.36	0.45183086
3.37	0.450102521
3.38	0.448385471
3.39	0.446679575
3.4	0.444984717
3.41	0.443300766
3.42	0.441627605
3.43	0.439965111
3.44	0.438313167
3.45	0.436671657
3.46	0.435040462
3.47	0.433419476
3.48	0.431808579
3.49	0.430207671
3.5	0.428616633
3.51	0.427035367
3.52	0.425463764
3.53	0.42390172
3.54	0.422349139
3.55	0.420805908
3.56	0.419271948
3.57	0.417747136
3.58	0.416231403
3.59	0.414724625
3.6	0.41322674
3.61	0.411737622
3.62	0.410257212
3.63	0.408785395
3.64	0.407322101
3.65	0.405867231
3.66	0.404420705
3.67	0.402982439
3.68	0.401552342
3.69	0.400130346
3.7	0.398716349
3.71	0.397310297
3.72	0.395912079
3.73	0.394521652
3.74	0.393138906
3.75	0.391763795
3.76	0.390396217
3.77	0.389036124
3.78	0.387683422
3.79	0.386338053
3.8	0.384999938
3.81	0.38366901
3.82	0.382345203
3.83	0.38102844
3.84	0.379718665
3.85	0.378415801
3.86	0.377119792
3.87	0.375830567
3.88	0.374548066
3.89	0.373272224
3.9	0.372002979
3.91	0.370740272
3.92	0.369484038
3.93	0.368234224
3.94	0.366990762
3.95	0.365753601
3.96	0.364522683
3.97	0.363297944
3.98	0.362079342
3.99	0.360866804
4	0.359660295
4.01	0.35845974
4.02	0.357265108
4.03	0.356076322
4.04	0.354893357
4.05	0.353716132
4.06	0.352544624
4.07	0.351378762
4.08	0.350218512
4.09	0.349063815
4.1	0.347914626
4.11	0.346770902
4.12	0.345632584
4.13	0.344499643
4.14	0.34337201
4.15	0.34224967
4.16	0.341132541
4.17	0.340020617
4.18	0.338913818
4.19	0.337812136
4.2	0.336715497
4.21	0.335623883
4.22	0.334537235
4.23	0.333455522
4.24	0.3323787
4.25	0.331306726
4.26	0.330239568
4.27	0.329177173
4.28	0.328119518
4.29	0.327066551
4.3	0.326018245
4.31	0.324974553
4.32	0.323935447
4.33	0.322900882
4.34	0.321870828
4.35	0.320845245
4.36	0.319824099
4.37	0.318807357
4.38	0.317794979
4.39	0.316786934
4.4	0.315783192
