0.38	0.93432597
0.39	0.93443393
0.4	0.93463687
0.41	0.9350108
0.42	0.93538442
0.43	0.93554257
0.44	0.93565477
0.45	0.9358745
0.46	0.93611034
0.47	0.93609993
0.48	0.93624332
0.49	0.9364425
0.5	0.93658164
0.51	0.93650396
0.52	0.93682021
0.53	0.93699864
0.54	0.9370706
0.55	0.93706015
0.56	0.93713185
0.57	0.93714441
0.58	0.93716755
0.59	0.93721327
0.6	0.93737662
0.61	0.9374141
0.62	0.93751374
0.63	0.93743161
0.64	0.93752367
0.65	0.93762882
0.66	0.93779264
0.67	0.93782258
0.68	0.93779045
0.69	0.93781909
0.7	0.93796402
0.71	0.93809975
0.72	0.93829323
0.73	0.93824972
0.74	0.93821303
0.75	0.93839821
0.76	0.93837278
0.77	0.93855861
0.78	0.93860471
0.79	0.93877453
0.8	0.93884479
0.81	0.93899663
0.82	0.93918937
0.83	0.93980317
0.84	0.93998882
0.85	0.93949627
0.86	0.94275656
0.87	0.94221786
0.88	0.94142281
0.89	0.94079993
0.9	0.94009318
0.91	0.9403827
0.92	0.9404348
0.93	0.9406745
0.94	0.94080607
0.95	0.94110623
0.96	0.94129682
0.97	0.9416878
0.98	0.94183587
0.99	0.94203385
1	0.94178225
1.01	0.94207285
1.02	0.94210873
1.03	0.94194847
1.04	0.94211387
1.05	0.94211305
1.06	0.94201815
1.07	0.94223357
1.08	0.94203243
1.09	0.94221127
1.1	0.94237635
1.11	0.94207241
1.12	0.94249817
1.13	0.94223605
1.14	0.94245246
1.15	0.94241304
1.16	0.94254119
1.17	0.94262762
1.18	0.94239201
1.19	0.94269709
1.2	0.94297194
1.21	0.94263446
1.22	0.94288924
1.23	0.94275477
1.24	0.94299144
1.25	0.94295869
1.26	0.9432538
1.27	0.94325284
1.28	0.94310604
1.29	0.94334251
1.3	0.94339456
1.31	0.94348892
1.32	0.94365687
1.33	0.94370322
1.34	0.94365088
1.35	0.94337842
1.36	0.94337193
1.37	0.94325251
1.38	0.94306348
1.39	0.94331623
1.4	0.94390395
1.41	0.94345736
1.42	0.9433714
1.43	0.94361255
1.44	0.94336877
1.45	0.94359632
1.46	0.94333084
1.47	0.94363808
1.48	0.94348376
1.49	0.94327373
1.5	0.94365053
1.51	0.943167
1.52	0.94295956
1.53	0.94330711
1.54	0.94327422
1.55	0.94301435
1.56	0.94272172
1.57	0.94241417
1.58	0.94268256
1.59	0.943066
1.6	0.9432211
1.61	0.94326565
1.62	0.94306299
1.63	0.94315454
1.64	0.94314149
1.65	0.94293135
1.66	0.94283777
1.67	0.94213385
1.68	0.94197051
1.69	0.94214812
1.7	0.94247397
1.71	0.94258768
1.72	0.94280491
1.73	0.94214241
1.74	0.94238104
1.75	0.94289418
1.76	0.94267709
1.77	0.94211877
1.78	0.94311712
1.79	0.9430234
1.8	0.94243898
1.81	0.94292672
1.82	0.94258398
1.83	0.9429453
1.84	0.9429337
1.85	0.94276518
1.86	0.94321247
1.87	0.94273093
1.88	0.94361095
1.89	0.94331097
1.9	0.94392124
1.91	0.94416957
1.92	0.94397939
1.93	0.94388137
1.94	0.9429889
1.95	0.94377013
1.96	0.94343287
1.97	0.94368921
1.98	0.9444458
1.99	0.94367732
2	0.946670387
2.01	0.94841203
2.02	0.949241381
2.03	0.948821092
2.04	0.949944335
2.05	0.948202846
2.06	0.947584053
2.07	0.947626147
2.08	0.945518122
2.09	0.945566361
2.1	0.948638171
2.11	0.947970658
2.12	0.946433638
2.13	0.948837443
2.14	0.945621347
2.15	0.945319501
2.16	0.948720748
2.17	0.943318408
2.18	0.949463408
2.19	0.949933334
2.2	0.947701264
2.21	0.948229885
2.22	0.946588659
2.23	0.943391793
2.24	0.947465992
2.25	0.946054409
2.26	0.949890353
2.27	0.944190567
2.28	0.947446443
2.29	0.947215641
2.3	0.947650765
2.31	0.946579571
2.32	0.948008488
2.33	0.94572987
2.34	0.946407236
2.35	0.944594471
2.36	0.947024327
2.37	0.947202115
2.38	0.944288713
2.39	0.945392557
2.4	0.945770665
2.41	0.943332131
2.42	0.947133419
2.43	0.945170346
2.44	0.947444668
2.45	0.950354036
2.46	0.947493258
2.47	0.946565228
2.48	0.947679953
2.49	0.946550479
2.5	0.949096998
2.51	0.949392864
2.52	0.947385451
2.53	0.946946747
2.54	0.948304135
2.55	0.946013001
2.56	0.946781615
2.57	0.945681746
2.58	0.944725226
2.59	0.946249668
2.6	0.946684106
2.61	0.948610548
2.62	0.948209801
2.63	0.944125712
2.64	0.948647688
2.65	0.948562671
2.66	0.947181453
2.67	0.941884344
2.68	0.945706438
2.69	0.942856058
2.7	0.942086037
2.71	0.936873152
2.72	0.940706782
2.73	0.936878041
2.74	0.936032633
2.75	0.936455718
2.76	0.94104449
2.77	0.937663966
2.78	0.940534366
2.79	0.939538942
2.8	0.938951169
2.81	0.940375387
2.82	0.940688451
2.83	0.939392744
2.84	0.939904941
2.85	0.939807082
2.86	0.938567868
2.87	0.937861737
2.88	0.938215434
2.89	0.937512956
2.9	0.937178767
2.91	0.937768968
2.92	0.938160102
2.93	0.93776883
2.94	0.93919716
2.95	0.93545697
2.96	0.935709036
2.97	0.935977279
2.98	0.934929998
2.99	0.936156721
3	0.933766728
3.01	0.936820938
3.02	0.934646366
3.03	0.932817986
3.04	0.936189511
3.05	0.934255039
3.06	0.933760102
3.07	0.935332712
3.08	0.934969329
3.09	0.933167762
3.1	0.935785197
3.11	0.932212641
3.12	0.934700002
3.13	0.936610245
3.14	0.936517988
3.15	0.932824108
3.16	0.934093481
3.17	0.933239645
3.18	0.932570101
3.19	0.938162287
3.2	0.934417477
3.21	0.936967079
3.22	0.935428468
3.23	0.935475085
3.24	0.93552007
3.25	0.937469523
3.26	0.935745997
3.27	0.936974449
3.28	0.937964287
3.29	0.93673925
3.3	0.937022824
3.31	0.934281776
3.32	0.9387558
3.33	0.938058851
3.34	0.937410816
3.35	0.935420568
3.36	0.936134578
3.37	0.936975817
3.38	0.937663212
3.39	0.934406665
3.4	0.933275235
3.41	0.935161146
3.42	0.930044199
3.43	0.929302912
3.44	0.929608176
3.45	0.926978844
3.46	0.925046018
3.47	0.922883076
3.48	0.918528466
3.49	0.918837273
3.5	0.908022949
3.51	0.906126132
3.52	0.904167628
3.53	0.898739627
3.54	0.892534906
3.55	0.889372641
3.56	0.884259635
3.57	0.881134551
3.58	0.878721518
3.59	0.877622822
3.6	0.870527535
3.61	0.86465445
3.62	0.861052585
3.63	0.85389806
3.64	0.849884638
3.65	0.845254066
3.66	0.835536323
3.67	0.830715753
3.68	0.818102831
3.69	0.814824966
3.7	0.80904158
3.71	0.796377211
3.72	0.787734147
3.73	0.781160508
3.74	0.780673288
3.75	0.776320738
3.76	0.769919867
3.77	0.774654402
3.78	0.776492019
3.79	0.774430048
3.8	0.769820419
3.81	0.773257908
3.82	0.776675631
3.83	0.778395874
3.84	0.777777852
3.85	0.776884911
3.86	0.774148989
3.87	0.771778142
3.88	0.774309579
3.89	0.776535183
3.9	0.773707658
3.91	0.76889986
3.92	0.770273385
3.93	0.768980645
3.94	0.766504454
3.95	0.766388329
3.96	0.763265185
3.97	0.761367836
3.98	0.757242112
3.99	0.757192277
4	0.746564312
4.01	0.744765339
4.02	0.739104776
4.03	0.732807857
4.04	0.72314985
4.05	0.713124177
4.06	0.702509302
4.07	0.698713609
4.08	0.681719695
4.09	0.68021048
4.1	0.669877484
4.11	0.657839988
4.12	0.649365377
4.13	0.63900479
4.14	0.635220513
4.15	0.619264414
4.16	0.614338619
4.17	0.607472749
4.18	0.6036431
4.19	0.596957372
4.2	0.583494807
4.21	0.588982935
4.22	0.580134793
4.23	0.573165346
4.24	0.546900588
4.25	0.54080089
4.26	0.523987037
4.27	0.511342696
4.28	0.509398704
4.29	0.487597236
4.3	0.456840257
4.31	0.454582641
4.32	0.421014602
4.33	0.413605292
4.34	0.39009265
4.35	0.368987401
4.36	0.35638605
4.37	0.352362677
4.38	0.339402589
4.39	0.328502911
4.4	0.320358816
