0.38	93.432597
0.39	93.443393
0.4	93.463687
0.41	93.50108
0.42	93.538442
0.43	93.554257
0.44	93.565477
0.45	93.58745
0.46	93.611034
0.47	93.609993
0.48	93.624332
0.49	93.64425
0.5	93.658164
0.51	93.650396
0.52	93.682021
0.53	93.699864
0.54	93.70706
0.55	93.706015
0.56	93.713185
0.57	93.714441
0.58	93.716755
0.59	93.721327
0.6	93.737662
0.61	93.74141
0.62	93.751374
0.63	93.743161
0.64	93.752367
0.65	93.762882
0.66	93.779264
0.67	93.782258
0.68	93.779045
0.69	93.781909
0.7	93.796402
0.71	93.809975
0.72	93.829323
0.73	93.824972
0.74	93.821303
0.75	93.839821
0.76	93.837278
0.77	93.855861
0.78	93.860471
0.79	93.877453
0.8	93.884479
0.81	93.899663
0.82	93.918937
0.83	93.980317
0.84	93.998882
0.85	93.949627
0.86	94.275656
0.87	94.221786
0.88	94.142281
0.89	94.079993
0.9	94.009318
0.91	94.03827
0.92	94.04348
0.93	94.06745
0.94	94.080607
0.95	94.110623
0.96	94.129682
0.97	94.16878
0.98	94.183587
0.99	94.203385
1	94.178225
1.01	94.207285
1.02	94.210873
1.03	94.194847
1.04	94.211387
1.05	94.211305
1.06	94.201815
1.07	94.223357
1.08	94.203243
1.09	94.221127
1.1	94.237635
1.11	94.207241
1.12	94.249817
1.13	94.223605
1.14	94.245246
1.15	94.241304
1.16	94.254119
1.17	94.262762
1.18	94.239201
1.19	94.269709
1.2	94.297194
1.21	94.263446
1.22	94.288924
1.23	94.275477
1.24	94.299144
1.25	94.295869
1.26	94.32538
1.27	94.325284
1.28	94.310604
1.29	94.334251
1.3	94.339456
1.31	94.348892
1.32	94.365687
1.33	94.370322
1.34	94.365088
1.35	94.337842
1.36	94.337193
1.37	94.325251
1.38	94.306348
1.39	94.331623
1.4	94.390395
1.41	94.345736
1.42	94.33714
1.43	94.361255
1.44	94.336877
1.45	94.359632
1.46	94.333084
1.47	94.363808
1.48	94.348376
1.49	94.327373
1.5	94.365053
1.51	94.3167
1.52	94.295956
1.53	94.330711
1.54	94.327422
1.55	94.301435
1.56	94.272172
1.57	94.241417
1.58	94.268256
1.59	94.3066
1.6	94.32211
1.61	94.326565
1.62	94.306299
1.63	94.315454
1.64	94.314149
1.65	94.293135
1.66	94.283777
1.67	94.213385
1.68	94.197051
1.69	94.214812
1.7	94.247397
1.71	94.258768
1.72	94.280491
1.73	94.214241
1.74	94.238104
1.75	94.289418
1.76	94.267709
1.77	94.211877
1.78	94.311712
1.79	94.30234
1.8	94.243898
1.81	94.292672
1.82	94.258398
1.83	94.29453
1.84	94.29337
1.85	94.276518
1.86	94.321247
1.87	94.273093
1.88	94.361095
1.89	94.331097
1.9	94.392124
1.91	94.416957
1.92	94.397939
1.93	94.388137
1.94	94.29889
1.95	94.377013
1.96	94.343287
1.97	94.368921
1.98	94.44458
1.99	94.367732
2	94.66703866
2.01	94.841203
2.02	94.92413809
2.03	94.88210921
2.04	94.99443354
2.05	94.8202846
2.06	94.75840526
2.07	94.76261469
2.08	94.55181215
2.09	94.55663607
2.1	94.86381714
2.11	94.79706584
2.12	94.64336375
2.13	94.88374432
2.14	94.56213472
2.15	94.53195013
2.16	94.87207483
2.17	94.33184081
2.18	94.9463408
2.19	94.99333342
2.2	94.77012642
2.21	94.82298854
2.22	94.65886586
2.23	94.33917933
2.24	94.7465992
2.25	94.60544092
2.26	94.9890353
2.27	94.41905665
2.28	94.74464434
2.29	94.72156408
2.3	94.76507653
2.31	94.6579571
2.32	94.80084878
2.33	94.57298697
2.34	94.64072363
2.35	94.45944712
2.36	94.70243266
2.37	94.72021148
2.38	94.42887131
2.39	94.53925565
2.4	94.57706647
2.41	94.33321311
2.42	94.71334194
2.43	94.51703458
2.44	94.74446682
2.45	95.03540365
2.46	94.74932583
2.47	94.65652283
2.48	94.76799526
2.49	94.65504791
2.5	94.90969979
2.51	94.93928637
2.52	94.73854509
2.53	94.6946747
2.54	94.83041354
2.55	94.60130012
2.56	94.67816152
2.57	94.5681746
2.58	94.47252256
2.59	94.62496678
2.6	94.66841062
2.61	94.86105477
2.62	94.82098008
2.63	94.41257118
2.64	94.86476882
2.65	94.8562671
2.66	94.71814534
2.67	94.18843444
2.68	94.57064382
2.69	94.28560582
2.7	94.20860369
2.71	93.68731517
2.72	94.07067824
2.73	93.68780411
2.74	93.60326332
2.75	93.64557178
2.76	94.10444897
2.77	93.76639662
2.78	94.05343659
2.79	93.95389423
2.8	93.89511693
2.81	94.03753867
2.82	94.06884515
2.83	93.93927438
2.84	93.99049407
2.85	93.98070824
2.86	93.85678683
2.87	93.78617367
2.88	93.82154336
2.89	93.75129563
2.9	93.71787673
2.91	93.77689682
2.92	93.81601024
2.93	93.77688304
2.94	93.91971603
2.95	93.54569695
2.96	93.57090358
2.97	93.59772786
2.98	93.4929998
2.99	93.61567208
3	93.37667282
3.01	93.68209382
3.02	93.46463661
3.03	93.2817986
3.04	93.61895111
3.05	93.42550388
3.06	93.37601016
3.07	93.53327118
3.08	93.49693287
3.09	93.31677621
3.1	93.57851972
3.11	93.22126408
3.12	93.4700002
3.13	93.66102451
3.14	93.65179875
3.15	93.28241085
3.16	93.40934815
3.17	93.32396454
3.18	93.2570101
3.19	93.8162287
3.2	93.4417477
3.21	93.6967079
3.22	93.54284679
3.23	93.54750849
3.24	93.55200698
3.25	93.74695229
3.26	93.57459967
3.27	93.69744485
3.28	93.7964287
3.29	93.673925
3.3	93.70228243
3.31	93.42817758
3.32	93.87557998
3.33	93.80588507
3.34	93.74108165
3.35	93.5420568
3.36	93.61345781
3.37	93.69758168
3.38	93.76632123
3.39	93.44066655
3.4	93.32752352
3.41	93.51611456
3.42	93.00441985
3.43	92.93029117
3.44	92.96081757
3.45	92.6978844
3.46	92.50460176
3.47	92.28830756
3.48	91.85284659
3.49	91.88372729
3.5	90.80229488
3.51	90.61261319
3.52	90.41676278
3.53	89.8739627
3.54	89.25349057
3.55	88.93726408
3.56	88.42596354
3.57	88.1134551
3.58	87.87215179
3.59	87.76228219
3.6	87.05275348
3.61	86.46544498
3.62	86.10525849
3.63	85.38980604
3.64	84.98846385
3.65	84.52540661
3.66	83.55363231
3.67	83.07157525
3.68	81.81028313
3.69	81.48249657
3.7	80.90415796
3.71	79.6377211
3.72	78.77341469
3.73	78.11605076
3.74	78.06732879
3.75	77.63207383
3.76	76.99198673
3.77	77.46544019
3.78	77.64920194
3.79	77.44300478
3.8	76.98204194
3.81	77.32579076
3.82	77.66756312
3.83	77.83958741
3.84	77.77778515
3.85	77.68849113
3.86	77.41489887
3.87	77.17781417
3.88	77.43095789
3.89	77.65351828
3.9	77.37076579
3.91	76.88998603
3.92	77.02733851
3.93	76.89806455
3.94	76.65044537
3.95	76.6388329
3.96	76.32651847
3.97	76.13678358
3.98	75.72421117
3.99	75.7192277
4	74.65643116
4.01	74.47653392
4.02	73.91047758
4.03	73.28078569
4.04	72.31498499
4.05	71.31241768
4.06	70.25093025
4.07	69.87136089
4.08	68.17196954
4.09	68.02104795
4.1	66.98774843
4.11	65.7839988
4.12	64.9365377
4.13	63.90047902
4.14	63.52205127
4.15	61.92644143
4.16	61.4338619
4.17	60.74727486
4.18	60.36431004
4.19	59.69573717
4.2	58.34948072
4.21	58.89829348
4.22	58.01347932
4.23	57.31653456
4.24	54.69005881
4.25	54.08008902
4.26	52.39870371
4.27	51.1342696
4.28	50.93987037
4.29	48.75972356
4.3	45.6840257
4.31	45.45826406
4.32	42.1014602
4.33	41.36052923
4.34	39.00926504
4.35	36.89874005
4.36	35.63860496
4.37	35.23626768
4.38	33.94025887
4.39	32.85029114
4.4	32.03588164
