0.38	0.208677569
0.39	0.216900707
0.4	0.22528275
0.41	0.233823697
0.42	0.242523549
0.43	0.251382306
0.44	0.260399966
0.45	0.269576532
0.46	0.278912002
0.47	0.288406376
0.48	0.298059655
0.49	0.307871839
0.5	0.317842927
0.51	0.32797292
0.52	0.338261817
0.53	0.348709619
0.54	0.359316325
0.55	0.370081936
0.56	0.381006451
0.57	0.392089871
0.58	0.403332195
0.59	0.414733424
0.6	0.426293557
0.61	0.438012595
0.62	0.449890538
0.63	0.461927385
0.64	0.474123136
0.65	0.486477792
0.66	0.498991353
0.67	0.511663818
0.68	0.524495188
0.69	0.537485462
0.7	0.550634641
0.71	0.563942724
0.72	0.577409712
0.73	0.591035604
0.74	0.604820401
0.75	0.618764102
0.76	0.632866708
0.77	0.647128218
0.78	0.661548633
0.79	0.676127953
0.8	0.690866177
0.81	0.705763305
0.82	0.720819339
0.83	0.736034276
0.84	0.751408118
0.85	0.766940865
0.86	0.782632516
0.87	0.798483072
0.88	0.814492532
0.89	0.830660897
0.9	0.846988166
0.91	0.86347434
0.92	0.87979166
0.93	0.895302767
0.94	0.909267329
0.95	0.922463434
0.96	0.934849006
0.97	0.945765781
0.98	0.955237261
0.99	0.963804985
1	0.971455655
1.01	0.97783698
1.02	0.983030013
1.03	0.987525746
1.04	0.991252414
1.05	0.993965132
1.06	0.996117576
1.07	0.997699125
1.08	0.998762783
1.09	0.999211356
1.1	0.999326713
1.11	0.999383495
1.12	0.998890908
1.13	0.998506558
1.14	0.997888915
1.15	0.99697549
1.16	0.996227764
1.17	0.995561137
1.18	0.994807558
1.19	0.993957555
1.2	0.993263982
1.21	0.992737434
1.22	0.992253461
1.23	0.991861825
1.24	0.991516668
1.25	0.991202833
1.26	0.991001535
1.27	0.991014078
1.28	0.99095853
1.29	0.991038766
1.3	0.99124425
1.31	0.991492173
1.32	0.991735945
1.33	0.992142695
1.34	0.992541161
1.35	0.992990327
1.36	0.993374212
1.37	0.993820576
1.38	0.994518532
1.39	0.994991886
1.4	0.995529408
1.41	0.995909192
1.42	0.996484695
1.43	0.996952725
1.44	0.997166011
1.45	0.997550102
1.46	0.998069533
1.47	0.998347084
1.48	0.99865945
1.49	0.998770978
1.5	0.998877915
1.51	0.998794763
1.52	0.99892369
1.53	0.998584701
1.54	0.998447403
1.55	0.998277742
1.56	0.997939662
1.57	0.997451026
1.58	0.997323993
1.59	0.997053574
1.6	0.996783191
1.61	0.996512845
1.62	0.996242536
1.63	0.995972264
1.64	0.995502468
1.65	0.994549447
1.66	0.993748999
1.67	0.992272586
1.68	0.990948575
1.69	0.989335386
1.7	0.987260037
1.71	0.985184485
1.72	0.983110522
1.73	0.981058752
1.74	0.978983004
1.75	0.976909652
1.76	0.974838301
1.77	0.972557896
1.78	0.970833628
1.79	0.968685072
1.8	0.966721372
1.81	0.964439094
1.82	0.962543671
1.83	0.960324933
1.84	0.958299833
1.85	0.956412216
1.86	0.953457532
1.87	0.951903655
1.88	0.949673053
1.89	0.947160088
1.9	0.945385764
1.91	0.942602732
1.92	0.940590983
1.93	0.937817541
1.94	0.935908228
1.95	0.933322739
1.96	0.930948645
1.97	0.928636548
1.98	0.926202789
1.99	0.923808169
2	0.921368463
2.01	0.918931982
2.02	0.916498727
2.03	0.914068698
2.04	0.911641894
2.05	0.909218317
2.06	0.906797965
2.07	0.904380839
2.08	0.901966939
2.09	0.899556264
2.1	0.897148816
2.11	0.894744593
2.12	0.892343596
2.13	0.889945825
2.14	0.887551279
2.15	0.88515996
2.16	0.882771866
2.17	0.880386998
2.18	0.878005356
2.19	0.87562694
2.2	0.873251749
2.21	0.870879784
2.22	0.868511045
2.23	0.866145532
2.24	0.863783245
2.25	0.861424183
2.26	0.859068347
2.27	0.856715737
2.28	0.854366353
2.29	0.852020195
2.3	0.849677262
2.31	0.847337555
2.32	0.845001075
2.33	0.842667819
2.34	0.84033779
2.35	0.838010986
2.36	0.835687409
2.37	0.833367057
2.38	0.83104993
2.39	0.82873603
2.4	0.826425356
2.41	0.824117907
2.42	0.821813684
2.43	0.819512687
2.44	0.817214915
2.45	0.81492037
2.46	0.81262905
2.47	0.810340956
2.48	0.808056088
2.49	0.805774445
2.5	0.803496029
2.51	0.801220838
2.52	0.798948873
2.53	0.796680134
2.54	0.79441462
2.55	0.792152333
2.56	0.789893271
2.57	0.787637435
2.58	0.785384825
2.59	0.783135441
2.6	0.780889282
2.61	0.778646349
2.62	0.776406642
2.63	0.774170161
2.64	0.771936906
2.65	0.769706876
2.66	0.767480072
2.67	0.765256494
2.68	0.763036142
2.69	0.760819016
2.7	0.758605115
2.71	0.75639444
2.72	0.754186991
2.73	0.751982768
2.74	0.749781771
2.75	0.747583999
2.76	0.745389454
2.77	0.743198134
2.78	0.741010039
2.79	0.738825171
2.8	0.736643528
2.81	0.734465112
2.82	0.732289921
2.83	0.730117956
2.84	0.727949216
2.85	0.725783703
2.86	0.723621415
2.87	0.721462353
2.88	0.719306517
2.89	0.717153906
2.9	0.715004522
2.91	0.712858363
2.92	0.71071543
2.93	0.708575723
2.94	0.706439241
2.95	0.704305986
2.96	0.702175956
2.97	0.700049152
2.98	0.697925574
2.99	0.695805222
3	0.693688095
3.01	0.691574194
3.02	0.689463519
3.03	0.68735607
3.04	0.685251847
3.05	0.683150849
3.06	0.681053077
3.07	0.678958531
3.08	0.676867211
3.09	0.674779117
3.1	0.672694248
3.11	0.670612605
3.12	0.668534188
3.13	0.666458997
3.14	0.664387032
3.15	0.662318292
3.16	0.660252779
3.17	0.658190491
3.18	0.656131428
3.19	0.654075592
3.2	0.652022981
3.21	0.649973597
3.22	0.647927438
3.23	0.645884504
3.24	0.643844797
3.25	0.641808316
3.26	0.63977506
3.27	0.63774503
3.28	0.635718226
3.29	0.633694647
3.3	0.631674295
3.31	0.629657168
3.32	0.627643267
3.33	0.625632592
3.34	0.623625142
3.35	0.621620919
3.36	0.619619921
3.37	0.617622149
3.38	0.615627603
3.39	0.613636282
3.4	0.611648188
3.41	0.609663319
3.42	0.607681676
3.43	0.605703259
3.44	0.603728068
3.45	0.601756102
3.46	0.599787362
3.47	0.597821848
3.48	0.59585956
3.49	0.593900498
3.5	0.591944661
3.51	0.58999205
3.52	0.588042665
3.53	0.586096506
3.54	0.584153573
3.55	0.582213865
3.56	0.580277383
3.57	0.578344128
3.58	0.576414097
3.59	0.574487293
3.6	0.572563714
3.61	0.570643362
3.62	0.568726235
3.63	0.566812333
3.64	0.564901658
3.65	0.562994209
3.66	0.561089985
3.67	0.559188987
3.68	0.557291215
3.69	0.555396668
3.7	0.553505348
3.71	0.551617253
3.72	0.549732384
3.73	0.547850741
3.74	0.545972323
3.75	0.544097132
3.76	0.542225166
3.77	0.540356426
3.78	0.538490912
3.79	0.536628623
3.8	0.534769561
3.81	0.532913724
3.82	0.531061113
3.83	0.529211728
3.84	0.527365569
3.85	0.525522635
3.86	0.523682927
3.87	0.521846445
3.88	0.520013189
3.89	0.518183159
3.9	0.516356354
3.91	0.514532775
3.92	0.512712422
3.93	0.510895295
3.94	0.509081394
3.95	0.507270718
3.96	0.505463268
3.97	0.503659044
3.98	0.501858046
3.99	0.500060274
4	0.498265727
4.01	0.496474407
4.02	0.494686312
4.03	0.492901442
4.04	0.491119799
4.05	0.489341381
4.06	0.48756619
4.07	0.485794224
4.08	0.484025484
4.09	0.482259969
4.1	0.480497681
4.11	0.478738618
4.12	0.476982781
4.13	0.47523017
4.14	0.473480784
4.15	0.471734625
4.16	0.469991691
4.17	0.468251983
4.18	0.466515501
4.19	0.464782244
4.2	0.463052214
4.21	0.461325409
4.22	0.45960183
4.23	0.457881477
4.24	0.45616435
4.25	0.454450448
4.26	0.452739772
4.27	0.451032322
4.28	0.449328098
4.29	0.4476271
4.3	0.445929327
4.31	0.44423478
4.32	0.442543459
4.33	0.440855364
4.34	0.439170495
4.35	0.437488851
4.36	0.435810433
4.37	0.434135241
4.38	0.432463275
4.39	0.430794535
4.4	0.42912902
