300	0.8941
303	0.89475
307	0.89535
310	0.89595
314	0.89645
317	0.8969
321	0.8973
324	0.89775
328	0.89815
331	0.8986
335	0.89905
339	0.8995
342	0.9
346	0.90045
350	0.9009
354	0.90135
358	0.9018
362	0.9022
366	0.9026
370	0.903
374	0.90335
378	0.9037
382	0.90405
387	0.9044
391	0.9047
395	0.905
400	0.9053
404	0.9056
409	0.90585
413	0.9061
418	0.90635
422	0.9066
427	0.9068
432	0.907
436	0.90715
441	0.90725
446	0.9073
451	0.9073
456	0.9072
461	0.9071
466	0.9069
472	0.9068
477	0.90675
482	0.90665
487	0.9066
493	0.9066
498	0.90655
504	0.90655
509	0.90655
515	0.90645
521	0.90635
527	0.90625
532	0.90615
538	0.90605
544	0.90585
550	0.90565
556	0.90545
563	0.9052
569	0.90495
575	0.90465
581	0.9043
588	0.904
594	0.9036
601	0.90315
608	0.90265
614	0.90215
621	0.90155
628	0.90085
635	0.9001
642	0.8993
649	0.8985
656	0.8976
664	0.89665
671	0.89565
679	0.89465
686	0.89355
694	0.8924
701	0.8911
709	0.88985
717	0.88835
725	0.88675
733	0.8849
741	0.88285
749	0.88055
758	0.878
766	0.87515
775	0.8719
783	0.86825
792	0.8647
801	0.8623
810	0.861
818	0.86045
828	0.86065
837	0.86145
846	0.8628
855	0.8646
865	0.86705
874	0.87075
884	0.87575
894	0.8819
904	0.88895
914	0.8962
924	0.90335
934	0.91035
945	0.917
955	0.9232
966	0.9283
976	0.93205
987	0.93465
998	0.9369
1009	0.939
1021	0.94105
1032	0.94295
1043	0.9448
1055	0.94655
1067	0.94825
1078	0.94985
1090	0.9514
1102	0.9528
1115	0.95415
1127	0.95545
1140	0.9567
1152	0.9579
1165	0.959
1178	0.96005
1191	0.96105
1204	0.96205
1217	0.9629
1231	0.96375
1245	0.9646
1258	0.9653
1272	0.966
1287	0.9667
1301	0.96735
1315	0.96795
1330	0.96855
1345	0.96905
1359	0.96955
1375	0.97005
1390	0.9705
1405	0.9709
1421	0.9713
1437	0.9717
1452	0.9721
1469	0.9724
1485	0.9727
1501	0.973
1518	0.9733
1535	0.9736
1552	0.9738
1569	0.97405
1586	0.9743
1604	0.9745
1622	0.9747
1640	0.9749
1658	0.97505
1676	0.97525
1695	0.97545
1714	0.97555
1733	0.97575
1752	0.97585
1771	0.97605
1791	0.97615
1811	0.97625
1831	0.9764
1851	0.97655
1872	0.97665
1893	0.97675
1914	0.97685
1935	0.97695
1956	0.97705
1978	0.97715
2000	0.97725
2022	0.9773
2045	0.9774
2067	0.9775
2090	0.9776
2113	0.97765
2137	0.97775
2160	0.97785
2184	0.9779
2209	0.978
2233	0.9781
2258	0.97815
2283	0.97825
2308	0.9783
2334	0.9784
2360	0.9785
2386	0.97855
2412	0.97865
2439	0.9787
2466	0.9788
2494	0.9789
2521	0.97895
2549	0.979
2577	0.9791
2606	0.9792
2635	0.9793
2664	0.9793
2694	0.9794
2724	0.9795
2754	0.9796
2784	0.97965
2815	0.9797
2846	0.9798
2878	0.9799
2910	0.98
2942	0.9801
2975	0.9801
3008	0.9802
3041	0.9803
3075	0.9804
3109	0.9805
3143	0.98055
3178	0.9806
3214	0.9807
3249	0.9808
3285	0.9809
3322	0.98095
3359	0.98105
3396	0.98115
3433	0.9812
3472	0.9813
3510	0.9814
3549	0.9815
3588	0.98155
3628	0.98165
3668	0.98175
3709	0.98185
3750	0.9819
3792	0.982
3834	0.9821
3876	0.98215
3919	0.98225
3963	0.98235
4007	0.98245
4051	0.98255
4096	0.98265
4142	0.9827
4187	0.9828
4234	0.98285
4281	0.98295
4328	0.98305
4376	0.98315
4425	0.98325
4474	0.98335
4524	0.98345
4574	0.98355
4624	0.98355
4676	0.98365
4728	0.98375
4780	0.98385
4833	0.98395
4887	0.98405
4941	0.9841
4996	0.98415
5051	0.98425
5107	0.98435
5164	0.98445
5221	0.9845
5279	0.9846
5337	0.98465
5397	0.98475
5456	0.98485
5517	0.9849
5578	0.985
5640	0.9851
5703	0.98515
5766	0.98525
5830	0.9853
5894	0.9854
5960	0.9855
6026	0.98555
6093	0.9856
6160	0.9857
6229	0.9858
6298	0.98585
6368	0.9859
6438	0.986
6510	0.9861
6582	0.98615
6655	0.9862
6729	0.9863
6803	0.9864
6879	0.9864
6955	0.9865
7032	0.9866
7110	0.9866
7189	0.9867
7269	0.9868
7349	0.9868
7431	0.9869
7513	0.9869
7596	0.987
7681	0.987
7766	0.9871
7852	0.9871
7939	0.9871
8027	0.9872
8116	0.9872
8206	0.9872
8297	0.9872
8389	0.9872
8482	0.9873
8576	0.9873
8671	0.9873
8768	0.9873
8865	0.9873
8963	0.98735
9063	0.9874
9163	0.9874
9265	0.9874
9367	0.9874
9471	0.98745
9576	0.98745
9683	0.98745
9790	0.98745
9899	0.98745
10008	0.9875
10119	0.9875
10232	0.9875
10345	0.98755
10460	0.98755
10576	0.98755
10693	0.9876
10812	0.9876
10932	0.98765
11053	0.98775
11175	0.9878
11299	0.98785
11425	0.9879
11551	0.98795
11680	0.98805
11809	0.98805
11940	0.9881
12072	0.98815
12206	0.9882
12342	0.9882
12479	0.98825
12617	0.9883
12757	0.9883
12898	0.9883
13041	0.9884
13186	0.9884
13332	0.9884
13480	0.9884
13630	0.9885
13781	0.9885
13934	0.98855
14088	0.9886
14244	0.98865
14402	0.9887
14562	0.98875
14724	0.9888
14887	0.98885
15052	0.9889
15219	0.98895
15388	0.989
15558	0.98905
15731	0.9891
15905	0.98915
16082	0.9892
16260	0.9892
16441	0.98925
16623	0.98925
16807	0.9893
16994	0.98935
17182	0.9894
17373	0.98945
17565	0.98945
17760	0.98955
17957	0.98955
18156	0.98965
18358	0.9897
18561	0.98975
18767	0.98985
18975	0.98985
19186	0.98995
19399	0.99
19614	0.99005
19831	0.99015
20051	0.99015
20273	0.99025
20498	0.99035
20726	0.99035
20956	0.99045
21188	0.99045
21423	0.99055
21661	0.99065
21901	0.99065
22144	0.99075
22389	0.99075
22638	0.99085
22889	0.9909
23142	0.99095
23399	0.99105
23659	0.9911
23921	0.99115
24186	0.99125
24455	0.99135
24726	0.9914
25000	0.9915
