0.8	0.003335821
0.81	0.005658221
0.82	0.009535452
0.83	0.015968172
0.84	0.026575866
0.85	0.043964431
0.86	0.072303372
0.87	0.118227311
0.88	0.192236718
0.89	0.310863194
0.9	0.5
0.91	0.8
0.92	0.9
0.93	0.9
0.94	0.95
0.95	0.95
0.96	0.95
0.97	0.95
0.98	0.95
0.99	0.95
1	0.95
1.01	0.95
1.02	0.95
1.03	0.95
1.04	0.95
1.05	0.95
1.06	0.95
1.07	0.95
1.08	0.95
1.09	0.95
1.1	0.95
1.11	0.95
1.12	0.95
1.13	0.95
1.14	0.95
1.15	0.95
1.16	0.95
1.17	0.95
1.18	0.95
1.19	0.95
1.2	0.95
1.21	0.95
1.22	0.95
1.23	0.95
1.24	0.95
1.25	0.95
1.26	0.95
1.27	0.95
1.28	0.95
1.29	0.95
1.3	0.95
1.31	0.95
1.32	0.95
1.33	0.95
1.34	0.95
1.35	0.95
1.36	0.95
1.37	0.95
1.38	0.95
1.39	0.95
1.4	0.95
1.41	0.95
1.42	0.95
1.43	0.95
1.44	0.95
1.45	0.95
1.46	0.95
1.47	0.95
1.48	0.95
1.49	0.95
1.5	0.95
1.51	0.95
1.52	0.95
1.53	0.95
1.54	0.95
1.55	0.95
1.56	0.95
1.57	0.95
1.58	0.95
1.59	0.95
1.6	0.95
1.61	0.95
1.62	0.95
1.63	0.95
1.64	0.95
1.65	0.95
1.66	0.95
1.67	0.95
1.68	0.95
1.69	0.95
1.7	0.95
1.71	0.95
1.72	0.95
1.73	0.9
1.74	0.9
1.75	0.9
1.76	0.9
1.77	0.7
1.78	0.3
1.79	0.1
1.8	0.01
1.81	0.004621966
1.82	0.00214536
1.83	1.00E-03
1.84	0.000462228
1.85	0.000214551
1.86	1.00E-04
1.87	6.66589E-05
1.88	4.45303E-05
1.89	2.98115E-05
1.9	2.00E-05
1.91	1.41293E-05
1.92	1.00E-05
1.93	9.55626E-06
1.94	9.13435E-06
1.95	8.7331E-06
1.96	8.35139E-06
1.97	7.98818E-06
1.98	7.64249E-06
1.99	7.31339E-06
2	7.00E-06
2.01	7.09621E-06
2.02	7.19325E-06
2.03	7.29113E-06
2.04	7.38985E-06
2.05	7.48941E-06
2.06	7.58982E-06
2.07	7.69108E-06
2.08	7.7932E-06
2.09	7.89617E-06
2.1	8.00E-06
2.11	8.18439E-06
2.12	8.37213E-06
2.13	8.56326E-06
2.14	8.75783E-06
2.15	8.95588E-06
2.16	9.15746E-06
2.17	9.36262E-06
2.18	9.5714E-06
2.19	9.78384E-06
2.2	1.00E-05
2.21	1.00E-05
2.22	1.00E-05
2.23	1.00E-05
2.24	1.00E-05
2.25	1.00E-05
2.26	1.00E-05
2.27	1.00E-05
2.28	1.00E-05
2.29	1.00E-05
2.3	1.00E-05
2.31	1.00E-05
2.32	1.00E-05
2.33	1.00E-05
2.34	1.00E-05
2.35	1.00E-05
2.36	1.00E-05
2.37	1.00E-05
2.38	1.00E-05
2.39	1.00E-05
2.4	1.00E-05
2.41	1.07315E-05
2.42	1.15132E-05
2.43	1.23483E-05
2.44	1.32401E-05
2.45	1.41922E-05
2.46	1.52086E-05
2.47	1.62931E-05
2.48	1.74501E-05
2.49	1.86842E-05
2.5	2.00E-05
2.51	2.27199E-05
2.52	2.57967E-05
2.53	2.92754E-05
2.54	3.32066E-05
2.55	3.76471E-05
2.56	4.26604E-05
2.57	4.83177E-05
2.58	5.46988E-05
2.59	6.1893E-05
2.6	7.00E-05
2.61	7.25862E-05
2.62	7.52575E-05
2.63	7.80163E-05
2.64	8.08653E-05
2.65	8.38069E-05
2.66	8.68438E-05
2.67	8.99788E-05
2.68	9.32146E-05
2.69	9.6554E-05
2.7	1.00E-04
2.71	0.00013169
2.72	0.000173247
2.73	0.000227688
2.74	0.000298938
2.75	0.000392095
2.76	0.000513777
2.77	0.000672563
2.78	0.000879569
2.79	0.001149181
2.8	1.50E-03
2.81	0.002800569
2.82	0.005217206
2.83	0.0096978
2.84	0.017987004
2.85	0.033289051
2.86	0.061476284
2.87	0.113288004
2.88	0.208322822
2.89	0.382272252
2.9	0.7
2.91	0.709555726
2.92	0.719208444
2.93	0.728958801
2.94	0.738807446
2.95	0.748755032
2.96	0.75880221
2.97	0.768949637
2.98	0.779197971
2.99	0.789547872
3	0.8
3.01	0.809620283
3.02	0.81932377
3.03	0.829110899
3.04	0.838982113
3.05	0.848937854
3.06	0.858978565
3.07	0.86910469
3.08	0.879316673
3.09	0.889614961
3.1	0.9
3.11	0.910472237
3.12	0.921032121
3.13	0.931680101
3.14	0.942416626
3.15	0.953242148
3.16	0.964157118
3.17	0.975161988
3.18	0.986257213
3.19	0.997443246
3.2	1
3.21	1
3.22	1
3.23	1
3.24	1
3.25	1
3.26	1
3.27	1
3.28	1
3.29	1
3.3	1
3.31	1
3.32	1
3.33	1
3.34	1
3.35	1
3.36	1
3.37	1
3.38	1
3.39	1
3.4	1
3.41	1
3.42	1
3.43	1
3.44	1
3.45	1
3.46	1
3.47	1
3.48	1
3.49	1
3.5	1
3.51	1
3.52	1
3.53	1
3.54	1
3.55	1
3.56	1
3.57	1
3.58	1
3.59	1
3.6	1
3.61	1
3.62	1
3.63	1
3.64	1
3.65	1
3.66	1
3.67	1
3.68	1
3.69	1
3.7	1
3.71	1
3.72	1
3.73	1
3.74	1
3.75	1
3.76	1
3.77	1
3.78	1
3.79	1
3.8	1
3.81	1
3.82	1
3.83	1
3.84	1
3.85	1
3.86	1
3.87	1
3.88	1
3.89	1
3.9	1
3.91	1
3.92	1
3.93	1
3.94	1
3.95	1
3.96	1
3.97	1
3.98	1
3.99	1
4	1
4.01	1
4.02	1
4.03	1
4.04	1
4.05	1
4.06	1
4.07	1
4.08	1
4.09	1
4.1	1
4.11	1
4.12	1
4.13	1
4.14	1
4.15	1
4.16	1
4.17	1
4.18	1
4.19	1
4.2	1
4.21	1
4.22	1
4.23	1
4.24	1
4.25	1
4.26	1
4.27	1
4.28	1
4.29	1
4.3	1
4.31	1
4.32	1
4.33	1
4.34	1
4.35	1
4.36	1
4.37	1
4.38	1
4.39	1
4.4	1
4.41	1
4.42	1
4.43	1
4.44	1
4.45	1
4.46	1
4.47	1
4.48	1
4.49	1
4.5	1
