200	0.7055157
201	0.7064689
202	0.7074432
203	0.708426
204	0.7094322
205	0.7104564
206	0.7115012
207	0.7125586
208	0.7136406
209	0.7147281
210	0.7158392
211	0.716965
212	0.7180965
213	0.7192278
214	0.7203625
215	0.7214919
216	0.7226285
217	0.7237613
218	0.7248995
219	0.7260214
220	0.7271453
221	0.7293114
222	0.7314561
223	0.7335954
224	0.7357193
225	0.7378213
226	0.7399134
227	0.7419867
228	0.7440649
229	0.7461308
230	0.7481924
231	0.7502434
232	0.7522798
233	0.7542919
234	0.756304
235	0.7583178
236	0.7603239
237	0.7623026
238	0.7642729
239	0.7662094
240	0.7681153
241	0.7700012
242	0.7718599
243	0.7736794
244	0.7754621
245	0.7771985
246	0.7788962
247	0.7805565
248	0.7821797
249	0.7837442
250	0.7852721
251	0.7867446
252	0.7881699
253	0.78955
254	0.7908885
255	0.792185
256	0.793442
257	0.7946485
258	0.7958268
259	0.7969525
260	0.7980552
261	0.7991134
262	0.8001399
263	0.8011365
264	0.8020969
265	0.8030223
266	0.803925
267	0.8047956
268	0.8056354
269	0.8064456
270	0.8072322
271	0.8079871
272	0.8087227
273	0.8094385
274	0.8101369
275	0.8108137
276	0.8114703
277	0.812101
278	0.8127155
279	0.8133077
280	0.8138859
281	0.8144494
282	0.8149983
283	0.8155229
284	0.8160404
285	0.8165472
286	0.8170371
287	0.8175125
288	0.8179792
289	0.818429
290	0.8188724
291	0.8193012
292	0.8197234
293	0.8201352
294	0.8205422
295	0.820947
296	0.8213319
297	0.8217117
298	0.8220833
299	0.8224237
300	0.8227644
301	0.8230914
302	0.8234126
303	0.8237287
304	0.8240407
305	0.8243385
306	0.8246303
307	0.8249177
308	0.8252044
309	0.8254881
310	0.825767
311	0.8260379
312	0.8263025
313	0.8265582
314	0.8268118
315	0.8270704
316	0.8273238
317	0.8275602
318	0.8277971
319	0.8280287
320	0.8282644
321	0.8284952
322	0.82872
323	0.8289346
324	0.8291455
325	0.8293469
326	0.829551
327	0.8297609
328	0.8299612
329	0.8301447
330	0.8303341
331	0.8305223
332	0.8307056
333	0.8308839
334	0.8310583
335	0.831226
336	0.8313879
337	0.8315539
338	0.8317187
339	0.8318836
340	0.8320575
341	0.8322228
342	0.8323933
343	0.8325597
344	0.832724
345	0.8328821
346	0.8330404
347	0.8331944
348	0.8333486
349	0.833498
350	0.8336408
351	0.833786
352	0.8339351
353	0.8340752
354	0.8342162
355	0.8343624
356	0.8344957
357	0.8346262
358	0.8347644
359	0.8349025
360	0.8350315
361	0.8351499
362	0.8352661
363	0.8353808
364	0.8355029
365	0.8356302
366	0.8357538
367	0.835871
368	0.8359852
369	0.8361051
370	0.8362315
371	0.8363509
372	0.8364715
373	0.8365936
374	0.836712
375	0.8368299
376	0.8369514
377	0.8370734
378	0.8371947
379	0.8373151
380	0.837434
381	0.8375553
382	0.8376814
383	0.8378031
384	0.8379253
385	0.8380504
386	0.8381761
387	0.8382959
388	0.8384188
389	0.8385487
390	0.8386735
391	0.838801
392	0.8389226
393	0.8390403
394	0.8391723
395	0.8393092
396	0.8394303
397	0.8395565
398	0.8396816
399	0.8397978
400	0.8399229
401	0.8400618
402	0.8401949
403	0.8403295
404	0.8404609
405	0.8405884
406	0.8407216
407	0.8408619
408	0.8409927
409	0.8411273
410	0.8412579
411	0.8413816
412	0.841516
413	0.8416535
414	0.8417805
415	0.8419098
416	0.8420323
417	0.8421545
418	0.8422792
419	0.8424078
420	0.8425276
421	0.842642
422	0.8427567
423	0.8428718
424	0.8429896
425	0.8431041
426	0.8432124
427	0.8433239
428	0.8434333
429	0.8435387
430	0.8436509
431	0.8437698
432	0.8438799
433	0.8439883
434	0.8440912
435	0.8441872
436	0.8442904
437	0.8444032
438	0.8444989
439	0.8445933
440	0.8446941
441	0.844782
442	0.844877
443	0.8449755
444	0.8450641
445	0.8451619
446	0.8452533
447	0.8453324
448	0.8454199
449	0.8455119
450	0.8455909
451	0.8456771
452	0.8457585
453	0.8458299
454	0.8459043
455	0.8459897
456	0.846067
457	0.8461501
458	0.8462238
459	0.8462915
460	0.8463662
461	0.8464397
462	0.8465081
463	0.8465822
464	0.8466455
465	0.8467095
466	0.8467853
467	0.8468552
468	0.8469105
469	0.8469791
470	0.8470424
471	0.8470925
472	0.8471489
473	0.8472047
474	0.847252
475	0.8473127
476	0.8473632
477	0.8474084
478	0.8474602
479	0.8475157
480	0.8475646
481	0.8476184
482	0.8476666
483	0.8477033
484	0.8477632
485	0.8478242
486	0.8478599
487	0.8479052
488	0.8479475
489	0.8479818
490	0.8480304
491	0.848078
492	0.8481104
493	0.848162
494	0.8482011
495	0.8482399
496	0.8482855
497	0.8483328
498	0.8483699
499	0.8484193
500	0.8484637
501	0.8485028
502	0.8485608
503	0.8486243
504	0.8486657
505	0.8487244
506	0.8487695
507	0.8488125
508	0.848872
509	0.8489319
510	0.8489719
511	0.8490323
512	0.8490794
513	0.8491196
514	0.8491761
515	0.8492518
516	0.8493075
517	0.8493714
518	0.8494204
519	0.8494633
520	0.8495227
521	0.8495968
522	0.8496506
523	0.8497129
524	0.8497792
525	0.8498114
526	0.8498637
527	0.8499268
528	0.8499829
529	0.850048
530	0.8500949
531	0.8501376
532	0.8502021
533	0.8502637
534	0.8503046
535	0.8503701
536	0.8504137
537	0.8504459
538	0.8505031
539	0.8505571
540	0.8505882
541	0.8506369
542	0.8506938
543	0.8507214
544	0.8507538
545	0.8508138
546	0.8508532
547	0.8508945
548	0.8509392
549	0.8509773
550	0.8510085
551	0.8510499
552	0.8511015
553	0.8511644
554	0.8511972
555	0.8512294
556	0.8512474
557	0.8512776
558	0.851321
559	0.8513708
560	0.8513977
561	0.851429
562	0.8514444
563	0.8514771
564	0.8515322
565	0.8515659
566	0.8515992
567	0.8516296
568	0.8516586
569	0.8516859
570	0.8517225
571	0.8517715
572	0.8518146
573	0.8518396
574	0.8518625
575	0.8518999
576	0.8519404
577	0.8519865
578	0.8520233
579	0.8520491
580	0.8520787
581	0.8521253
582	0.8521668
583	0.852196
584	0.8522293
585	0.8522682
586	0.8522824
587	0.8523155
588	0.8523639
589	0.8523944
590	0.8524026
591	0.8524365
592	0.8524718
593	0.8524912
594	0.8525132
595	0.8525558
596	0.8525874
597	0.8526275
598	0.8526557
599	0.8526733
600	0.8527071
601	0.8527609
602	0.8527808
603	0.8528145
604	0.8528358
605	0.8528421
606	0.8528708
607	0.8529092
608	0.852925
609	0.8529613
610	0.8530015
611	0.853028
612	0.8530555
613	0.8530766
614	0.8530963
615	0.853142
616	0.8531672
617	0.8531777
618	0.8532068
619	0.8532481
620	0.853265
621	0.8532961
622	0.8533151
623	0.8533395
624	0.8533787
625	0.8534185
626	0.8534307
627	0.8534666
628	0.8534955
629	0.8535232
630	0.8535537
631	0.853593
632	0.8536128
633	0.8536501
634	0.8536797
635	0.8537053
636	0.8537322
637	0.8537617
638	0.853787
639	0.8538276
640	0.853854
641	0.8538626
642	0.8538816
643	0.853925
644	0.8539555
645	0.8539995
646	0.8540197
647	0.8540378
648	0.8540801
649	0.854128
650	0.8541466
651	0.8541661
652	0.8541816
653	0.8542096
654	0.8542559
655	0.8542995
656	0.8543175
657	0.8543466
658	0.8543735
659	0.854405
660	0.8544379
661	0.8544663
662	0.8544806
663	0.8545151
664	0.854544
665	0.8545691
666	0.8545914
667	0.8546244
668	0.8546408
669	0.8546699
670	0.8546963
671	0.8547168
672	0.8547419
673	0.8547735
674	0.8547924
675	0.854821
676	0.8548508
677	0.8548734
678	0.8548898
679	0.8549101
680	0.854928
681	0.8549663
682	0.8550048
683	0.8550147
684	0.8550228
685	0.8550427
686	0.8550597
687	0.8551016
688	0.8551365
689	0.8551357
690	0.8551394
691	0.8551684
692	0.8552004
693	0.8552408
694	0.8552691
695	0.855269
696	0.8552715
697	0.8552916
698	0.8553252
699	0.8553624
700	0.8553809
701	0.8553826
702	0.8553994
703	0.855428
704	0.8554548
705	0.8554819
706	0.8554985
707	0.8555141
708	0.8555313
709	0.8555581
710	0.8555778
711	0.8556013
712	0.8556346
713	0.8556576
714	0.8556756
715	0.8556952
716	0.8557104
717	0.8557299
718	0.8557629
719	0.8557918
720	0.855808
721	0.8558165
722	0.8558197
723	0.8558377
724	0.8558815
725	0.8559188
726	0.8559447
727	0.8559538
728	0.8559483
729	0.8559553
730	0.8559914
731	0.8560335
732	0.8560637
733	0.8560742
734	0.8560662
735	0.8560592
736	0.8560837
737	0.8561278
738	0.8561734
739	0.856193
740	0.8561901
741	0.8561872
742	0.8562022
743	0.8562335
744	0.8562765
745	0.8563051
746	0.8563083
747	0.8563033
748	0.8563089
749	0.8563301
750	0.8563635
751	0.856398
752	0.8564181
753	0.8564272
754	0.8564337
755	0.8564372
756	0.8564486
757	0.8564692
758	0.856493
759	0.8565139
760	0.8565292
761	0.8565434
762	0.8565585
763	0.8565735
764	0.8565847
765	0.8566037
766	0.85663
767	0.8566543
768	0.8566779
769	0.8566947
770	0.8567043
771	0.8567184
772	0.8567429
773	0.8567736
774	0.8568129
775	0.8568507
776	0.8568637
777	0.8568583
778	0.8568505
779	0.8568535
780	0.8568891
781	0.8569443
782	0.856981
783	0.8569996
784	0.856994
785	0.856974
786	0.8569766
787	0.8570059
788	0.8570547
789	0.857112
790	0.8571495
791	0.857154
792	0.8571317
793	0.8571174
794	0.8571308
795	0.8571816
796	0.8572517
797	0.857309
798	0.8573271
799	0.8573169
800	0.8573048
801	0.8573114
802	0.8573467
803	0.8574047
804	0.8574598
805	0.8575021
806	0.8575124
807	0.8575067
808	0.8575033
809	0.8575202
810	0.8575566
811	0.8576071
812	0.8576515
813	0.8576752
814	0.8576827
815	0.8576782
816	0.8576778
817	0.8576978
818	0.8577406
819	0.8577926
820	0.8578343
821	0.8578556
822	0.857859
823	0.8578598
824	0.8578766
825	0.8578939
826	0.8579068
827	0.857922
828	0.8579346
829	0.8579431
830	0.8579508
831	0.8579531
832	0.8579595
833	0.8579665
834	0.8579494
835	0.8579397
836	0.8579366
837	0.8579438
838	0.8579495
839	0.8579686
840	0.8580584
841	0.8581658
842	0.8582706
843	0.8583538
844	0.8584213
845	0.8584925
846	0.8585585
847	0.8586397
848	0.858732
849	0.8588299
850	0.8589237
851	0.8590101
852	0.8590792
853	0.8591382
854	0.8592043
855	0.859283
856	0.8593738
857	0.8594702
858	0.8595724
859	0.8596578
860	0.8597253
861	0.8597831
862	0.8598377
863	0.8599076
864	0.8599974
865	0.8600939
866	0.8602046
867	0.8603166
868	0.8604076
869	0.8604818
870	0.8605472
871	0.8606123
872	0.8607052
873	0.8608052
874	0.8609197
875	0.8610572
876	0.8611635
877	0.8612532
878	0.8613198
879	0.861384
880	0.8614574
881	0.861486
882	0.8615006
883	0.8615114
884	0.8615127
885	0.861514
886	0.8615179
887	0.8615254
888	0.8615303
889	0.8615408
890	0.8615595
891	0.8615721
892	0.8615824
893	0.8616009
894	0.8616168
895	0.8616227
896	0.8616272
897	0.8616486
898	0.8616721
899	0.8616851
900	0.8616981
901	0.8617033
902	0.8617156
903	0.8617269
904	0.8617469
905	0.8617785
906	0.8617872
907	0.8617843
908	0.8617947
909	0.861797
910	0.861823
911	0.8618406
912	0.8618639
913	0.861876
914	0.8618941
915	0.8619166
916	0.8619273
917	0.86195
918	0.8619547
919	0.8619673
920	0.8619901
921	0.8620065
922	0.8620089
923	0.8620149
924	0.8620242
925	0.862051
926	0.8620872
927	0.8621016
928	0.8621163
929	0.8621276
930	0.8621354
931	0.8621439
932	0.8621543
933	0.8621649
934	0.8621703
935	0.862188
936	0.8622089
937	0.8622324
938	0.8622364
939	0.8622506
940	0.8622748
941	0.8622871
942	0.8622991
943	0.862313
944	0.862335
945	0.8623485
946	0.8623535
947	0.86237
948	0.8623983
949	0.862415
950	0.8624385
951	0.8624439
952	0.8624674
953	0.8624728
954	0.862473
955	0.8624773
956	0.8624796
957	0.8624923
958	0.8625014
959	0.862513
960	0.8625222
961	0.8625262
962	0.8625324
963	0.8625537
964	0.8625603
965	0.8625712
966	0.8625754
967	0.86257
968	0.8625748
969	0.8625841
970	0.8626034
971	0.8626309
972	0.8626484
973	0.8626655
974	0.8626765
975	0.8626874
976	0.8626905
977	0.8626959
978	0.8626998
979	0.8627046
980	0.862702
981	0.8626979
982	0.8627082
983	0.8627199
984	0.8627183
985	0.8627231
986	0.8627211
987	0.8627253
988	0.8627337
989	0.8627385
990	0.8627421
991	0.8627465
992	0.8627524
993	0.8627556
994	0.8627605
995	0.8627749
996	0.8627805
997	0.862785
998	0.8627872
999	0.8627858
1000	0.8627938
1001	0.8627991
1002	0.8628037
1003	0.8628128
1004	0.8628153
1005	0.8628294
1006	0.8628375
1007	0.862846
1008	0.8628474
1009	0.8628538
1010	0.8628635
1011	0.8628699
1012	0.8628684
1013	0.8628691
1014	0.8628725
1015	0.8628788
1016	0.8628844
1017	0.8628876
1018	0.8628924
1019	0.8629015
1020	0.8629175
1021	0.8629296
1022	0.8629368
1023	0.862937
1024	0.8629455
1025	0.8629612
1026	0.8629674
1027	0.8629858
1028	0.8630038
1029	0.8630099
1030	0.8630165
1031	0.8630266
1032	0.8630404
1033	0.863059
1034	0.8630675
1035	0.8630848
1036	0.8631006
1037	0.8631144
1038	0.8631276
1039	0.8631447
1040	0.863162
1041	0.8631795
1042	0.8631953
1043	0.8632108
1044	0.8632264
1045	0.8632412
1046	0.8632511
1047	0.8632631
1048	0.8632793
1049	0.8632976
1050	0.8633138
1051	0.8633286
1052	0.8633439
1053	0.8633541
1054	0.8633638
1055	0.8633739
1056	0.8633848
1057	0.8633897
1058	0.8633963
1059	0.8634076
1060	0.8634154
1061	0.8634255
1062	0.8634396
1063	0.8634545
1064	0.8634719
1065	0.8634878
1066	0.8635031
1067	0.8635192
1068	0.8635293
1069	0.8635337
1070	0.8635494
1071	0.863567
1072	0.8635873
1073	0.8636039
1074	0.8636161
1075	0.8636322
1076	0.863644
1077	0.8636527
1078	0.8636651
1079	0.8636806
1080	0.8636967
1081	0.8637133
1082	0.8637254
1083	0.8637396
1084	0.8637569
1085	0.8637757
1086	0.8637903
1087	0.8638067
1088	0.8638276
1089	0.8638485
1090	0.8638656
1091	0.8638845
1092	0.8639016
1093	0.8639163
1094	0.8639337
1095	0.8639501
1096	0.8639686
1097	0.8639885
1098	0.864009
1099	0.8640303
1100	0.8640487
1101	0.8640727
1102	0.864095
1103	0.8641144
1104	0.864134
1105	0.8641562
1106	0.8641804
1107	0.8642033
1108	0.8642273
1109	0.8642508
1110	0.8642726
1111	0.8642931
1112	0.8643122
1113	0.8643266
1114	0.8643396
1115	0.8643574
1116	0.864381
1117	0.8644072
1118	0.8644301
1119	0.8644487
1120	0.8644678
1121	0.8644852
1122	0.8645004
1123	0.8645143
1124	0.8645246
1125	0.8645391
1126	0.8645544
1127	0.8645731
1128	0.8645924
1129	0.864605
1130	0.8646182
1131	0.8646377
1132	0.8646526
1133	0.8646668
1134	0.8646834
1135	0.8647048
1136	0.8647232
1137	0.8647415
1138	0.8647671
1139	0.8647912
1140	0.8648141
1141	0.8648343
1142	0.864852
1143	0.8648666
1144	0.8648792
1145	0.864895
1146	0.8649098
1147	0.8649192
1148	0.8649273
1149	0.864932
1150	0.864939
1151	0.8649536
1152	0.8649706
1153	0.8649821
1154	0.864995
1155	0.86501
1156	0.8650247
1157	0.8650367
1158	0.8650454
1159	0.8650577
1160	0.8650785
1161	0.8651012
1162	0.8651222
1163	0.8651416
1164	0.8651638
1165	0.8651852
1166	0.8651962
1167	0.865201
1168	0.8652049
1169	0.8652153
1170	0.8652307
1171	0.8652448
1172	0.8652576
1173	0.865271
1174	0.8652847
1175	0.865303
1176	0.8653198
1177	0.865345
1178	0.8653659
1179	0.8653769
1180	0.865389
1181	0.8653992
1182	0.8654105
1183	0.8654236
1184	0.8654422
1185	0.865463
1186	0.8654843
1187	0.8654985
1188	0.8655164
1189	0.8655372
1190	0.865559
1191	0.8655762
1192	0.8655924
1193	0.8656084
1194	0.8656276
1195	0.8656439
1196	0.8656541
1197	0.8656614
1198	0.8656771
1199	0.8656901
1200	0.8657042
1201	0.865715
1202	0.8657238
1203	0.8657279
1204	0.8657425
1205	0.8657502
1206	0.8657665
1207	0.8657801
1208	0.8657949
1209	0.8658148
1210	0.8658261
1211	0.8658299
1212	0.865835
1213	0.8658487
1214	0.8658594
1215	0.865873
1216	0.8658807
1217	0.8658855
1218	0.8658925
1219	0.8659007
1220	0.8659085
1221	0.8659222
1222	0.8659414
1223	0.8659555
1224	0.8659672
1225	0.8659671
1226	0.8659714
1227	0.8659728
1228	0.8659804
1229	0.8659848
1230	0.8659924
1231	0.8659944
1232	0.8660056
1233	0.8660111
1234	0.8660189
1235	0.8660253
1236	0.8660352
1237	0.8660461
1238	0.8660594
1239	0.8660591
1240	0.8660754
1241	0.8660822
1242	0.86608
1243	0.8660713
1244	0.8660747
1245	0.8660817
1246	0.8660815
1247	0.8660779
1248	0.8660851
1249	0.8660962
1250	0.8661047
1251	0.8661195
1252	0.8661344
1253	0.8661485
1254	0.8661539
1255	0.8661658
1256	0.8661757
1257	0.8661855
1258	0.8662009
1259	0.8662079
1260	0.866218
1261	0.8662232
1262	0.8662246
1263	0.8662343
1264	0.8662411
1265	0.8662433
1266	0.8662571
1267	0.866266
1268	0.8662803
1269	0.8662911
1270	0.8663032
1271	0.8663119
1272	0.8663287
1273	0.8663379
1274	0.8663422
1275	0.8663438
1276	0.8663496
1277	0.8663619
1278	0.8663772
1279	0.866382
1280	0.8663895
1281	0.8663864
1282	0.8663933
1283	0.8664115
1284	0.8664237
1285	0.8664272
1286	0.8664224
1287	0.8664262
1288	0.8664373
1289	0.8664457
1290	0.8664466
1291	0.8664498
1292	0.866447
1293	0.8664508
1294	0.8664527
1295	0.8664568
1296	0.8664635
1297	0.8664725
1298	0.8664815
1299	0.8664832
1300	0.8664853
1301	0.8664833
1302	0.8664911
1303	0.8664959
1304	0.8664843
1305	0.8664809
1306	0.8664799
1307	0.8664751
1308	0.8664777
1309	0.8664703
1310	0.8664641
1311	0.8664593
1312	0.8664564
1313	0.8664531
1314	0.8664546
1315	0.8664615
1316	0.8664698
1317	0.8664762
1318	0.8664644
1319	0.8664626
1320	0.8664655
1321	0.866468
1322	0.8664677
1323	0.8664652
1324	0.8664587
1325	0.8664646
1326	0.8664685
1327	0.8664662
1328	0.8664719
1329	0.8664705
1330	0.8664697
1331	0.8664783
1332	0.8664685
1333	0.8664746
1334	0.8664893
1335	0.8665014
1336	0.8665092
1337	0.866511
1338	0.8664958
1339	0.8664817
1340	0.8664833
1341	0.8665003
1342	0.8665143
1343	0.8665196
1344	0.8665262
1345	0.8665384
1346	0.866545
1347	0.8665517
1348	0.866558
1349	0.8665555
1350	0.8665509
1351	0.8665533
1352	0.8665668
1353	0.8665789
1354	0.8665865
1355	0.866589
1356	0.8665968
1357	0.8666069
1358	0.866619
1359	0.8666146
1360	0.8665919
1361	0.8665751
1362	0.8665708
1363	0.866596
1364	0.8666168
1365	0.8666351
1366	0.8666457
1367	0.8666526
1368	0.8666721
1369	0.8666966
1370	0.8667175
1371	0.8667207
1372	0.8667216
1373	0.8667398
1374	0.86673
1375	0.8667144
1376	0.8667197
1377	0.8667235
1378	0.8667181
1379	0.8667334
1380	0.8667666
1381	0.8667831
1382	0.8667763
1383	0.8667648
1384	0.8667632
1385	0.8667667
1386	0.8667685
1387	0.8667767
1388	0.8667917
1389	0.866807
1390	0.8668264
1391	0.8668531
1392	0.8668621
1393	0.8668561
1394	0.8668567
1395	0.8668552
1396	0.8668451
1397	0.8668335
1398	0.8668225
1399	0.8668056
1400	0.8668117
1401	0.8668281
1402	0.8668382
1403	0.8668383
1404	0.8668201
1405	0.8668102
1406	0.8668026
1407	0.8667978
1408	0.8667989
1409	0.866795
1410	0.8667873
1411	0.8667825
1412	0.8667906
1413	0.8667969
1414	0.8668031
1415	0.8668202
1416	0.8668319
1417	0.8668242
1418	0.8668188
1419	0.866823
1420	0.8668162
1421	0.8667957
1422	0.866779
1423	0.8667702
1424	0.86677
1425	0.8667664
1426	0.8667609
1427	0.8667565
1428	0.8667506
1429	0.8667396
1430	0.8667323
1431	0.8667226
1432	0.8667121
1433	0.8667176
1434	0.8667253
1435	0.8667265
1436	0.8667337
1437	0.8667519
1438	0.866769
1439	0.8667787
1440	0.86679
1441	0.8668028
1442	0.8668142
1443	0.8668282
1444	0.8668413
1445	0.8668459
1446	0.86685
1447	0.8668497
1448	0.8668463
1449	0.866847
1450	0.866846
1451	0.8668415
1452	0.8668341
1453	0.8668266
1454	0.8668212
1455	0.8668136
1456	0.8668087
1457	0.8668099
1458	0.8668165
1459	0.8668244
1460	0.8668369
1461	0.8668501
1462	0.866858
1463	0.8668706
1464	0.8668906
1465	0.8669083
1466	0.8669226
1467	0.8669335
1468	0.8669411
1469	0.8669519
1470	0.8669619
1471	0.8669689
1472	0.8669735
1473	0.8669754
1474	0.8669674
1475	0.8669587
1476	0.866954
1477	0.8669492
1478	0.8669388
1479	0.8669285
1480	0.8669236
1481	0.8669187
1482	0.8669117
1483	0.8669083
1484	0.8669047
1485	0.8669013
1486	0.8669034
1487	0.8669049
1488	0.8669079
1489	0.8669195
1490	0.8669353
1491	0.8669478
1492	0.8669676
1493	0.8669923
1494	0.8670089
1495	0.8670218
1496	0.8670366
1497	0.8670534
1498	0.8670607
1499	0.8670571
1500	0.8670518
1501	0.867046
1502	0.8670439
1503	0.8670335
1504	0.8670188
1505	0.8669994
1506	0.8669875
1507	0.8669805
1508	0.8669728
1509	0.8669738
1510	0.8669755
1511	0.8669745
1512	0.8669747
1513	0.8669731
1514	0.866972
1515	0.8669832
1516	0.8669949
1517	0.8670104
1518	0.8670188
1519	0.8670331
1520	0.8670489
1521	0.867068
1522	0.8670896
1523	0.8671157
1524	0.8671342
1525	0.8671507
1526	0.867169
1527	0.8671787
1528	0.8671814
1529	0.8671802
1530	0.8671819
1531	0.867181
1532	0.8671712
1533	0.8671589
1534	0.867142
1535	0.8671332
1536	0.8671253
1537	0.8671215
1538	0.8671116
1539	0.8671087
1540	0.8671194
1541	0.8671294
1542	0.8671387
1543	0.8671443
1544	0.8671592
1545	0.8671702
1546	0.8671859
1547	0.8672054
1548	0.8672256
1549	0.8672411
1550	0.8672492
1551	0.8672525
1552	0.8672746
1553	0.8672914
1554	0.8673111
1555	0.8673292
1556	0.867341
1557	0.8673513
1558	0.8673512
1559	0.8673662
1560	0.8673644
1561	0.8673589
1562	0.8673469
1563	0.867333
1564	0.8673115
1565	0.8673013
1566	0.8672868
1567	0.8672702
1568	0.8672634
1569	0.8672629
1570	0.8672674
1571	0.8672689
1572	0.8672723
1573	0.8672802
1574	0.8672862
1575	0.8672958
1576	0.8673153
1577	0.8673385
1578	0.8673583
1579	0.8673819
1580	0.8673992
1581	0.8674102
1582	0.8674241
1583	0.8674397
1584	0.8674605
1585	0.867474
1586	0.8674919
1587	0.8675032
1588	0.8675112
1589	0.8675062
1590	0.8675089
1591	0.8675079
1592	0.8675096
1593	0.8674886
1594	0.8674755
1595	0.8674643
1596	0.8674558
1597	0.8674406
1598	0.8674296
1599	0.8674232
1600	0.867413
1601	0.8674135
1602	0.8674165
1603	0.8674208
1604	0.8674296
1605	0.8674435
1606	0.8674565
1607	0.8674769
1608	0.8674997
1609	0.8675125
1610	0.8675357
1611	0.8675613
1612	0.867582
1613	0.8675929
1614	0.8676122
1615	0.8676289
1616	0.8676483
1617	0.8676535
1618	0.8676611
1619	0.8676673
1620	0.8676604
1621	0.8676564
1622	0.8676538
1623	0.8676475
1624	0.8676367
1625	0.867628
1626	0.8676197
1627	0.8676093
1628	0.8676055
1629	0.8675883
1630	0.8675839
1631	0.8675807
1632	0.8675837
1633	0.8675853
1634	0.867592
1635	0.8675978
1636	0.8676005
1637	0.8676105
1638	0.8676216
1639	0.8676388
1640	0.8676579
1641	0.8676756
1642	0.8676949
1643	0.8677192
1644	0.867746
1645	0.8677721
1646	0.8677962
1647	0.8678153
1648	0.8678373
1649	0.8678556
1650	0.8678735
1651	0.8678811
1652	0.8678852
1653	0.8678904
1654	0.8678943
1655	0.867895
1656	0.8678996
1657	0.8678987
1658	0.8679002
1659	0.8678912
1660	0.8678791
1661	0.867881
1662	0.8678815
1663	0.8678797
1664	0.8678829
1665	0.867888
1666	0.8678854
1667	0.8678901
1668	0.8678981
1669	0.8678997
1670	0.8679089
1671	0.8679193
1672	0.867933
1673	0.8679514
1674	0.8679731
1675	0.8679981
1676	0.8680233
1677	0.8680496
1678	0.868067
1679	0.8680928
1680	0.8681133
1681	0.8681343
1682	0.8681518
1683	0.8681722
1684	0.8681832
1685	0.8681885
1686	0.8681879
1687	0.8681899
1688	0.8681892
1689	0.8681852
1690	0.8681771
1691	0.8681691
1692	0.8681598
1693	0.8681546
1694	0.8681501
1695	0.8681493
1696	0.8681479
1697	0.8681402
1698	0.8681362
1699	0.8681341
1700	0.8681391
1701	0.8681526
1702	0.868164
1703	0.8681747
1704	0.8681859
1705	0.8681926
1706	0.8681997
1707	0.8682074
1708	0.8682185
1709	0.8682291
1710	0.868247
1711	0.8682724
1712	0.8682977
1713	0.8683168
1714	0.8683353
1715	0.8683507
1716	0.8683611
1717	0.8683724
1718	0.8683897
1719	0.8684106
1720	0.8684253
1721	0.8684322
1722	0.8684331
1723	0.8684312
1724	0.8684283
1725	0.8684283
1726	0.8684285
1727	0.8684309
1728	0.8684278
1729	0.8684247
1730	0.868426
1731	0.8684326
1732	0.8684456
1733	0.8684603
1734	0.8684707
1735	0.8684781
1736	0.868487
1737	0.8684946
1738	0.8685059
1739	0.8685223
1740	0.8685372
1741	0.8685424
1742	0.8685415
1743	0.868546
1744	0.8685567
1745	0.8685698
1746	0.8685848
1747	0.8685988
1748	0.868615
1749	0.8686331
1750	0.8686548
1751	0.8686715
1752	0.868683
1753	0.8686906
1754	0.8686969
1755	0.8687024
1756	0.8687105
1757	0.8687255
1758	0.8687381
1759	0.868749
1760	0.8687657
1761	0.86878
1762	0.8687942
1763	0.8688107
1764	0.8688313
1765	0.8688506
1766	0.8688647
1767	0.8688779
1768	0.8688917
1769	0.8689103
1770	0.8689305
1771	0.8689415
1772	0.8689482
1773	0.8689548
1774	0.8689618
1775	0.8689722
1776	0.8689808
1777	0.8689828
1778	0.8689878
1779	0.868994
1780	0.8689995
1781	0.8690146
1782	0.8690416
1783	0.8690633
1784	0.8690781
1785	0.8690939
1786	0.8691085
1787	0.8691259
1788	0.8691384
1789	0.8691523
1790	0.8691658
1791	0.869178
1792	0.869192
1793	0.8692061
1794	0.8692274
1795	0.8692518
1796	0.869261
1797	0.8692663
1798	0.8692627
1799	0.8692536
1800	0.8692509
1801	0.8692521
1802	0.8692598
1803	0.8692626
1804	0.869261
1805	0.8692564
1806	0.8692561
1807	0.869255
1808	0.8692522
1809	0.8692538
1810	0.8692628
1811	0.869272
1812	0.8692665
1813	0.8692598
1814	0.8692555
1815	0.8692619
1816	0.8692662
1817	0.8692763
1818	0.8692918
1819	0.8693064
1820	0.8693374
1821	0.8693662
1822	0.8693882
1823	0.8694005
1824	0.8694127
1825	0.8694157
1826	0.8694125
1827	0.8694103
1828	0.8694314
1829	0.8694477
1830	0.8694724
1831	0.8694854
1832	0.8694894
1833	0.8694969
1834	0.8695065
1835	0.8695108
1836	0.8695122
1837	0.8695232
1838	0.8695363
1839	0.8695573
1840	0.869589
1841	0.8696139
1842	0.8696287
1843	0.8696327
1844	0.8696404
1845	0.8696474
1846	0.8696585
1847	0.86967
1848	0.8696858
1849	0.8696982
1850	0.8697054
1851	0.869708
1852	0.8697162
1853	0.8697476
1854	0.8697771
1855	0.8697916
1856	0.8698021
1857	0.8698201
1858	0.8698394
1859	0.8698628
1860	0.86987
1861	0.8698514
1862	0.8698318
1863	0.869816
1864	0.8698149
1865	0.8698184
1866	0.8698323
1867	0.8698453
1868	0.8698512
1869	0.8698383
1870	0.8698426
1871	0.8698342
1872	0.869839
1873	0.8698557
1874	0.8698752
1875	0.8698799
1876	0.869883
1877	0.8698834
1878	0.8698858
1879	0.8698979
1880	0.8699102
1881	0.8699076
1882	0.8699029
1883	0.8698995
1884	0.8699013
1885	0.8699183
1886	0.8699561
1887	0.8699874
1888	0.8700135
1889	0.870026
1890	0.8700393
1891	0.8700601
1892	0.8700771
1893	0.8700974
1894	0.8701137
1895	0.8701312
1896	0.8701547
1897	0.8701647
1898	0.8701692
1899	0.8701597
1900	0.8701608
1901	0.8701761
1902	0.8701956
1903	0.8702111
1904	0.8702181
1905	0.8702142
1906	0.8702168
1907	0.8702277
1908	0.8702429
1909	0.8702685
1910	0.8702771
1911	0.8702807
1912	0.8702854
1913	0.870293
1914	0.8702946
1915	0.8702871
1916	0.8702897
1917	0.8702952
1918	0.8703042
1919	0.8703138
1920	0.8703277
1921	0.8703373
1922	0.8703517
1923	0.8703725
1924	0.8703885
1925	0.8704092
1926	0.8704219
1927	0.8704254
1928	0.8704378
1929	0.8704469
1930	0.8704674
1931	0.8704972
1932	0.8705233
1933	0.8705494
1934	0.8705643
1935	0.8705768
1936	0.8705808
1937	0.870597
1938	0.8706275
1939	0.8706502
1940	0.8706814
1941	0.8706944
1942	0.8707062
1943	0.8707266
1944	0.8707485
1945	0.8707753
1946	0.8708025
1947	0.8708176
1948	0.8708237
1949	0.8708383
1950	0.870842
1951	0.8708572
1952	0.8708697
1953	0.8708779
1954	0.8708782
1955	0.8708817
1956	0.8708915
1957	0.870907
1958	0.8709243
1959	0.8709464
1960	0.8709703
1961	0.8709773
1962	0.8709861
1963	0.8709982
1964	0.8710068
1965	0.871025
1966	0.8710464
1967	0.8710692
1968	0.8710802
1969	0.8710877
1970	0.8711003
1971	0.871117
1972	0.8711331
1973	0.8711565
1974	0.8711827
1975	0.8712139
1976	0.8712452
1977	0.871283
1978	0.8713094
1979	0.8713347
1980	0.8713671
1981	0.871397
1982	0.8714312
1983	0.8714666
1984	0.8714921
1985	0.8715174
1986	0.8715471
1987	0.8715702
1988	0.8715969
1989	0.8716247
1990	0.8716365
1991	0.8716602
1992	0.8716821
1993	0.8717009
1994	0.8717238
1995	0.8717395
1996	0.8717541
1997	0.8717648
1998	0.8717751
1999	0.8717791
2000	0.8717746
2001	0.8717732
2002	0.8717741
2003	0.8717743
2004	0.8717693
2005	0.871765
2006	0.8717595
2007	0.8717525
2008	0.8717438
2009	0.8717385
2010	0.871739
2011	0.8717435
2012	0.8717464
2013	0.8717412
2014	0.8717251
2015	0.8717084
2016	0.871699
2017	0.8716923
2018	0.8716923
2019	0.8716992
2020	0.8717023
2021	0.8717052
2022	0.871713
2023	0.8717236
2024	0.8717402
2025	0.8717615
2026	0.8717807
2027	0.8717939
2028	0.87182
2029	0.8718504
2030	0.8718808
2031	0.8719125
2032	0.8719378
2033	0.871963
2034	0.8719936
2035	0.872023
2036	0.8720567
2037	0.8720906
2038	0.8721176
2039	0.8721354
2040	0.8721557
2041	0.8721792
2042	0.8721924
2043	0.8722012
2044	0.8722146
2045	0.8722331
2046	0.8722472
2047	0.8722504
2048	0.8722447
2049	0.8722419
2050	0.8722454
2051	0.8722407
2052	0.8722269
2053	0.87221
2054	0.8722008
2055	0.8721987
2056	0.8721991
2057	0.8721852
2058	0.8721692
2059	0.8721564
2060	0.872148
2061	0.8721418
2062	0.8721314
2063	0.8721183
2064	0.8721052
2065	0.8720903
2066	0.8720749
2067	0.8720604
2068	0.8720457
2069	0.8720296
2070	0.8720154
2071	0.8720042
2072	0.8719965
2073	0.8719899
2074	0.8719831
2075	0.8719791
2076	0.8719829
2077	0.8719909
2078	0.8719975
2079	0.8720005
2080	0.8720069
2081	0.8720165
2082	0.8720277
2083	0.8720398
2084	0.8720488
2085	0.8720512
2086	0.8720536
2087	0.8720621
2088	0.8720795
2089	0.8720989
2090	0.8721087
2091	0.8721122
2092	0.8721205
2093	0.8721337
2094	0.8721464
2095	0.8721545
2096	0.8721585
2097	0.8721599
2098	0.8721621
2099	0.8721645
2100	0.8721625
2101	0.872152
2102	0.8721367
2103	0.8721288
2104	0.8721291
2105	0.8721231
2106	0.8721126
2107	0.8721052
2108	0.8720977
2109	0.8720906
2110	0.8720827
2111	0.8720747
2112	0.8720661
2113	0.872057
2114	0.8720498
2115	0.8720459
2116	0.8720455
2117	0.8720426
2118	0.8720365
2119	0.8720304
2120	0.8720335
2121	0.8720378
2122	0.872043
2123	0.8720433
2124	0.8720436
2125	0.8720549
2126	0.8720716
2127	0.8720835
2128	0.8720939
2129	0.8721018
2130	0.8721143
2131	0.8721376
2132	0.8721579
2133	0.8721701
2134	0.8721899
2135	0.8722182
2136	0.8722482
2137	0.8722718
2138	0.8722948
2139	0.872325
2140	0.8723543
2141	0.8723805
2142	0.8724031
2143	0.872429
2144	0.8724564
2145	0.8724766
2146	0.8724971
2147	0.8725175
2148	0.8725328
2149	0.8725456
2150	0.8725592
2151	0.8725685
2152	0.8725712
2153	0.8725698
2154	0.8725724
2155	0.8725729
2156	0.8725697
2157	0.8725498
2158	0.8725237
2159	0.8724981
2160	0.8724783
2161	0.8724549
2162	0.8724247
2163	0.8723889
2164	0.8723617
2165	0.8723314
2166	0.8722978
2167	0.872266
2168	0.8722419
2169	0.8722114
2170	0.8721795
2171	0.8721532
2172	0.8721282
2173	0.8721067
2174	0.8720848
2175	0.8720592
2176	0.872037
2177	0.8720118
2178	0.8719855
2179	0.8719605
2180	0.8719352
2181	0.871915
2182	0.8718992
2183	0.8718886
2184	0.8718829
2185	0.8718723
2186	0.8718685
2187	0.8718687
2188	0.8718687
2189	0.8718671
2190	0.8718728
2191	0.8718778
2192	0.8718902
2193	0.8719052
2194	0.8719246
2195	0.8719409
2196	0.8719518
2197	0.8719633
2198	0.8719866
2199	0.8720126
2200	0.8720445
2201	0.8720672
2202	0.8720919
2203	0.8721144
2204	0.8721393
2205	0.8721599
2206	0.872189
2207	0.8722066
2208	0.8722212
2209	0.8722414
2210	0.8722608
2211	0.8722799
2212	0.8722934
2213	0.8723045
2214	0.8723056
2215	0.8723065
2216	0.8722955
2217	0.8722822
2218	0.8722742
2219	0.8722738
2220	0.8722707
2221	0.8722679
2222	0.8722528
2223	0.8722341
2224	0.8722186
2225	0.8722019
2226	0.8721883
2227	0.8721736
2228	0.8721548
2229	0.8721417
2230	0.8721329
2231	0.8721141
2232	0.872092
2233	0.8720705
2234	0.8720595
2235	0.8720461
2236	0.8720274
2237	0.8720094
2238	0.8719996
2239	0.871991
2240	0.8719842
2241	0.8719717
2242	0.8719628
2243	0.8719498
2244	0.8719472
2245	0.8719476
2246	0.8719415
2247	0.8719443
2248	0.8719567
2249	0.871966
2250	0.8719685
2251	0.871978
2252	0.8719888
2253	0.8720079
2254	0.8720162
2255	0.8720299
2256	0.8720521
2257	0.8720802
2258	0.8721032
2259	0.872129
2260	0.8721505
2261	0.8721715
2262	0.8721932
2263	0.872228
2264	0.8722596
2265	0.8722861
2266	0.8722993
2267	0.8723036
2268	0.8723094
2269	0.8723195
2270	0.8723289
2271	0.872335
2272	0.8723448
2273	0.872362
2274	0.8723681
2275	0.8723606
2276	0.8723551
2277	0.8723512
2278	0.8723559
2279	0.8723499
2280	0.8723384
2281	0.8723235
2282	0.8723116
2283	0.8723015
2284	0.8722876
2285	0.8722749
2286	0.8722657
2287	0.8722588
2288	0.8722474
2289	0.8722378
2290	0.8722287
2291	0.8722208
2292	0.8722082
2293	0.8721937
2294	0.8721781
2295	0.8721625
2296	0.8721579
2297	0.8721496
2298	0.8721425
2299	0.8721301
2300	0.8721262
2301	0.8721312
2302	0.8721413
2303	0.8721489
2304	0.8721543
2305	0.8721679
2306	0.872183
2307	0.8721997
2308	0.8722298
2309	0.8722585
2310	0.8722907
2311	0.872315
2312	0.8723433
2313	0.8723733
2314	0.8724047
2315	0.8724408
2316	0.872483
2317	0.8725208
2318	0.8725645
2319	0.872612
2320	0.8726596
2321	0.8727033
2322	0.8727487
2323	0.8727849
2324	0.8728168
2325	0.8728595
2326	0.8728909
2327	0.8729172
2328	0.8729465
2329	0.8729729
2330	0.8729947
2331	0.8730185
2332	0.8730366
2333	0.8730575
2334	0.873076
2335	0.8730915
2336	0.8731091
2337	0.8731176
2338	0.873124
2339	0.8731252
2340	0.8731303
2341	0.873124
2342	0.8731112
2343	0.8730923
2344	0.8730741
2345	0.8730563
2346	0.8730335
2347	0.8730073
2348	0.8729872
2349	0.8729663
2350	0.8729457
2351	0.8729202
2352	0.8729007
2353	0.8728776
2354	0.8728504
2355	0.872818
2356	0.8727881
2357	0.8727571
2358	0.8727288
2359	0.8726988
2360	0.8726638
2361	0.8726274
2362	0.8725938
2363	0.8725616
2364	0.8725348
2365	0.8725122
2366	0.8724883
2367	0.8724724
2368	0.8724588
2369	0.8724492
2370	0.8724372
2371	0.8724282
2372	0.8724169
2373	0.8724111
2374	0.8724042
2375	0.8724057
2376	0.8724092
2377	0.8724211
2378	0.8724411
2379	0.8724636
2380	0.8724865
2381	0.8725075
2382	0.8725281
2383	0.8725541
2384	0.872588
2385	0.8726214
2386	0.8726573
2387	0.8726949
2388	0.8727326
2389	0.8727667
2390	0.8727978
2391	0.8728236
2392	0.8728493
2393	0.8728723
2394	0.8728941
2395	0.8729211
2396	0.8729481
2397	0.8729736
2398	0.8729965
2399	0.8730166
2400	0.8730376
2401	0.8730573
2402	0.873079
2403	0.8731026
2404	0.8731236
2405	0.8731411
2406	0.873157
2407	0.8731749
2408	0.8731907
2409	0.8731993
2410	0.8731992
2411	0.8731923
2412	0.8731896
2413	0.8731943
2414	0.8731965
2415	0.8732017
2416	0.8732066
2417	0.8732016
2418	0.8731856
2419	0.8731641
2420	0.8731481
2421	0.8731401
2422	0.8731367
2423	0.8731319
2424	0.873118
2425	0.8730991
2426	0.8730842
2427	0.8730689
2428	0.8730556
2429	0.8730465
2430	0.8730383
2431	0.8730288
2432	0.8730219
2433	0.8730156
2434	0.8730079
2435	0.8730044
2436	0.8730051
2437	0.8730084
2438	0.8730175
2439	0.8730312
2440	0.8730446
2441	0.8730562
2442	0.8730706
2443	0.8730902
2444	0.8731131
2445	0.8731404
2446	0.8731673
2447	0.8731889
2448	0.8732091
2449	0.8732346
2450	0.8732684
2451	0.8733125
2452	0.8733606
2453	0.8734006
2454	0.8734248
2455	0.8734481
2456	0.8734768
2457	0.8735093
2458	0.8735455
2459	0.8735814
2460	0.8736165
2461	0.8736486
2462	0.8736798
2463	0.8737112
2464	0.8737425
2465	0.8737762
2466	0.8738118
2467	0.8738417
2468	0.8738669
2469	0.8738933
2470	0.8739136
2471	0.8739277
2472	0.8739411
2473	0.8739568
2474	0.8739748
2475	0.8739939
2476	0.8740101
2477	0.8740204
2478	0.8740262
2479	0.8740235
2480	0.8740184
2481	0.8740123
2482	0.8740063
2483	0.873998
2484	0.873989
2485	0.8739766
2486	0.8739597
2487	0.8739416
2488	0.8739275
2489	0.8739172
2490	0.8739009
2491	0.8738798
2492	0.8738541
2493	0.8738277
2494	0.8738165
2495	0.8738161
2496	0.8738132
2497	0.8738004
2498	0.8737817
2499	0.8737647
2500	0.8737573
2501	0.8737536
2502	0.8737531
2503	0.8737592
2504	0.8737597
2505	0.8737641
2506	0.8737692
2507	0.8737748
2508	0.873787
2509	0.8737946
2510	0.8738023
2511	0.8738191
2512	0.8738474
2513	0.873878
2514	0.8739023
2515	0.8739259
2516	0.8739597
2517	0.8739957
2518	0.8740385
2519	0.8740803
2520	0.8741262
2521	0.8741786
2522	0.8742323
2523	0.8742887
2524	0.8743404
2525	0.8743946
2526	0.8744497
2527	0.8745086
2528	0.8745749
2529	0.874644
2530	0.8747123
2531	0.8747814
2532	0.8748532
2533	0.8749245
2534	0.8749936
2535	0.8750519
2536	0.8751092
2537	0.8751735
2538	0.8752444
2539	0.8753089
2540	0.87537
2541	0.8754312
2542	0.8754966
2543	0.8755628
2544	0.8756189
2545	0.8756738
2546	0.8757365
2547	0.875797
2548	0.8758481
2549	0.8758996
2550	0.8759544
2551	0.8760016
2552	0.8760459
2553	0.8760842
2554	0.8761124
2555	0.876147
2556	0.8761904
2557	0.8762187
2558	0.8762454
2559	0.8762631
2560	0.8762868
2561	0.8763094
2562	0.8763249
2563	0.8763435
2564	0.8763602
2565	0.8763842
2566	0.8763973
2567	0.8764159
2568	0.8764252
2569	0.8764413
2570	0.8764548
2571	0.8764633
2572	0.8764734
2573	0.8764773
2574	0.8764776
2575	0.876482
2576	0.8764853
2577	0.8764887
2578	0.8764949
2579	0.8764985
2580	0.8765104
2581	0.8765336
2582	0.8766061
2583	0.8766878
2584	0.8767422
2585	0.8767433
2586	0.8767982
2587	0.8768361
2588	0.8768388
2589	0.876915
2590	0.876927
2591	0.8769798
2592	0.8769819
2593	0.8769626
2594	0.8769922
2595	0.8769313
2596	0.8767944
2597	0.8767489
2598	0.8766525
2599	0.8766334
2600	0.8765327
2609.51511	0.8765389
2619.45291	0.8765092
2629.38657	0.8764824
2639.59184	0.8764725
2649.51707	0.8763322
2659.43811	0.8762778
2669.35495	0.876191
2679.54287	0.8760923
2689.45115	0.8760455
2699.35518	0.8759405
2709.52988	0.8758576
2719.42525	0.8758547
2729.31632	0.875852
2739.47766	0.875733
2749.35998	0.8755792
2759.23796	0.8755368
2769.38579	0.875416
2779.25492	0.8753006
2789.39361	0.8751691
2799.25382	0.8750463
2809.38332	0.8749167
2819.23455	0.8748275
2829.35479	0.8747385
2839.19698	0.874636
2849.30789	0.874579
2859.41405	0.8745609
2869.24249	0.8744228
2879.33922	0.8742703
2889.15845	0.8742528
2899.24569	0.8740972
2909.32809	0.8741235
2919.13334	0.8740552
2929.20615	0.8739808
2939.27407	0.8740033
2949.33709	0.8740399
2959.12342	0.8741467
2969.17672	0.8743087
2979.22507	0.8741469
2989.26844	0.8741874
2999.03559	0.8742243
3009.06911	0.8742386
3019.09762	0.8742182
3029.12108	0.8741638
3039.1395	0.8741621
3049.15284	0.8741771
3059.1611	0.8741987
3069.16426	0.8742017
3079.16229	0.874235
3089.15519	0.8741847
3099.14294	0.8742188
3109.12551	0.8742106
3119.10291	0.8743021
3129.07509	0.8742392
3139.04206	0.8741996
3149.00379	0.8743305
3158.96027	0.8743732
3168.91148	0.8743524
3179.12614	0.8744769
3189.06662	0.8745085
3199.00178	0.8746713
3208.9316	0.8748023
3218.85607	0.8748884
3229.04318	0.8748804
3238.95674	0.8748754
3248.86491	0.8747911
3259.03522	0.8747707
3268.93238	0.8746598
3278.82409	0.8747136
3288.97745	0.8747116
3298.85806	0.8746695
3308.99998	0.8747099
3318.86942	0.8744718
3328.99983	0.8745387
3338.85802	0.8745514
3348.97686	0.8744647
3358.82375	0.8742914
3368.93094	0.8741442
3378.76645	0.8741485
3388.86193	0.8743071
3398.95144	0.8742647
3408.76969	0.8741693
3418.84738	0.874205
3428.91905	0.8741476
3438.71989	0.8739821
3448.77964	0.873835
3458.83332	0.8738911
3468.88091	0.8738705
3478.65824	0.8738003
3488.69377	0.8735689
3498.72316	0.8735438
3508.7464	0.873427
3518.76347	0.8734569
3528.77434	0.8733988
3538.77901	0.8733472
3548.77745	0.8731086
3558.76964	0.8728451
3568.75558	0.8727104
3578.73523	0.8726949
3588.70859	0.8723481
3598.67563	0.8722567
3608.63634	0.8719305
3618.59071	0.8715685
3628.5387	0.8711941
3638.74185	0.870822
3648.67689	0.8704941
3658.60551	0.8701715
3668.5277	0.869735
3678.70428	0.8694561
3688.61337	0.8690709
3698.51596	0.8687507
3708.67239	0.8681334
3718.56178	0.8676893
3728.44463	0.867344
3738.58073	0.8668036
3748.45027	0.8661983
3758.57268	0.8658147
3768.42883	0.8653294
3778.53747	0.8647322
3788.38017	0.864215
3798.47496	0.863633
3808.56271	0.8630116
3818.38502	0.8623756
3828.45881	0.8617316
3838.52552	0.8610941
3848.5851	0.8604791
3858.37989	0.8599331
3868.42538	0.8590368
3878.4637	0.858241
3888.49483	0.8575036
3898.51876	0.8569505
3908.53545	0.8561169
3918.28835	0.8551611
3928.29073	0.8539834
3938.28583	0.8526893
3948.27363	0.8516534
3958.25411	0.8506811
3968.48288	0.8496856
3978.44849	0.848516
3988.40672	0.8472101
3998.35756	0.8460313
4008.30099	0.8448295
4018.23699	0.8438281
4028.42002	0.8424649
4038.34092	0.8417739
4048.25433	0.8407355
4058.16024	0.8395739
4068.31234	0.8383069
4078.203	0.8370443
4088.33941	0.8354546
4098.21473	0.8339994
4108.33539	0.8327293
4118.19531	0.8312116
4128.30012	0.8293999
4138.14457	0.8278553
4148.23346	0.8262515
4158.31428	0.8245632
4168.13526	0.8225299
4178.20004	0.8205799
4188.25668	0.8186163
4198.05404	0.8164517
4208.09453	0.8142028
4218.12682	0.8120697
4228.15088	0.8097361
4238.1667	0.8072215
4248.17426	0.8046264
4258.17354	0.802054
4268.16451	0.7993424
4278.14716	0.79672
4288.12148	0.793919
4298.08743	0.7908966
4308.045	0.787653
4317.99418	0.7845236
4328.18335	0.7813564
4338.11545	0.7783352
4348.03911	0.7750664
4357.95428	0.7717045
4368.10852	0.7682399
4378.00647	0.764596
4387.89588	0.7610156
4398.02365	0.7574389
4407.89572	0.7536802
4418.00568	0.7497319
4427.86033	0.7455462
4437.95239	0.7415458
4448.03535	0.7368642
4457.86361	0.7323981
4467.92856	0.7277132
4477.98436	0.7230546
4488.03098	0.7181399
4497.82371	0.7133426
4507.85215	0.7083922
4517.87137	0.7031745
4527.88132	0.6981745
4537.88201	0.6930829
4547.87339	0.6876969
4557.85547	0.6820201
4567.8282	0.6764378
4577.79159	0.6709599
4587.74559	0.6654225
4597.93263	0.6598323
4607.86759	0.6540876
4617.79312	0.6482097
4627.70918	0.6423056
4637.85727	0.6363663
4647.75413	0.6303771
4657.8825	0.624339
4667.76006	0.618402
4677.86863	0.6123547
4687.72681	0.6060397
4697.81549	0.5998195
4707.65421	0.5935304
4717.72291	0.5875542
4727.78147	0.5813098
4737.82987	0.575103
4747.6292	0.5687822
4757.65745	0.5626109
4767.67547	0.5561031
4777.68325	0.5495783
4787.68076	0.543176
4797.66798	0.5365257
4807.64489	0.5299213
4817.61146	0.523251
4827.56768	0.5165548
4837.7502	0.5098274
4847.6854	0.503113
4857.61017	0.4963663
4867.52451	0.48961
4877.66406	0.4828736
4887.5572	0.4760862
4897.67501	0.4695692
4907.54687	0.4629693
4917.64285	0.4563984
4927.49333	0.4495789
4937.56739	0.4428051
4947.63031	0.4361286
4957.44846	0.4294264
4967.48933	0.4229347
4977.51901	0.4164357
4987.53748	0.4098679
4997.54471	0.4030626
