300	10.65
301	7.87
302	5.53
303	3.69
304	2.37
305	1.60
306	1.38
307	1.70
308	2.53
309	3.80
310	5.45
311	7.39
312	9.54
313	11.79
314	14.09
315	16.42
316	18.76
317	21.08
318	23.30
319	25.49
320	27.58
321	29.44
322	31.20
323	32.78
324	34.21
325	35.56
326	36.78
327	37.93
328	39.00
329	39.90
330	40.76
331	41.46
332	42.07
333	42.62
334	43.03
335	43.37
336	43.65
337	43.82
338	43.99
339	44.05
340	44.01
341	43.95
342	43.85
343	43.67
344	43.39
345	43.09
346	42.74
347	42.33
348	41.86
349	41.33
350	40.78
351	40.19
352	39.58
353	38.87
354	38.14
355	37.42
356	36.65
357	35.80
358	34.92
359	34.03
360	33.10
361	32.13
362	31.16
363	30.21
364	29.23
365	28.22
366	27.20
367	26.16
368	25.11
369	24.07
370	23.00
371	21.95
372	20.99
373	19.97
374	18.97
375	18.03
376	17.06
377	16.10
378	14.91
379	13.85
380	12.94
381	12.07
382	11.24
383	10.44
384	9.69
385	8.96
386	8.27
387	7.59
388	6.95
389	6.34
390	5.77
391	5.24
392	4.74
393	4.30
394	3.88
395	3.49
396	3.13
397	2.80
398	2.48
399	2.20
400	1.94
401	1.72
402	1.52
403	1.34
404	1.18
405	1.04
406	0.92
407	0.80
408	0.70
409	0.63
410	0.56
411	0.50
412	0.45
413	0.42
414	0.39
415	0.36
416	0.35
417	0.33
418	0.33
419	0.32
420	0.32
421	0.33
422	0.33
423	0.34
424	0.35
425	0.35
426	0.37
427	0.38
428	0.39
429	0.40
430	0.41
431	0.42
432	0.42
433	0.43
434	0.44
435	0.45
436	0.45
437	0.46
438	0.46
439	0.46
440	0.47
441	0.47
442	0.47
443	0.47
444	0.47
445	0.47
446	0.47
447	0.46
448	0.46
449	0.46
450	0.45
451	0.45
452	0.44
453	0.44
454	0.43
455	0.43
456	0.42
457	0.42
458	0.41
459	0.41
460	0.40
461	0.40
462	0.40
463	0.39
464	0.39
465	0.39
466	0.38
467	0.38
468	0.38
469	0.38
470	0.38
471	0.38
472	0.38
473	0.38
474	0.38
475	0.38
476	0.38
477	0.38
478	0.39
479	0.39
480	0.39
481	0.40
482	0.40
483	0.41
484	0.41
485	0.42
486	0.42
487	0.43
488	0.44
489	0.44
490	0.45
491	0.46
492	0.47
493	0.48
494	0.48
495	0.49
496	0.50
497	0.51
498	0.51
499	0.52
500	0.53
501	0.54
502	0.55
503	0.55
504	0.56
505	0.57
506	0.58
507	0.58
508	0.59
509	0.60
510	0.61
511	0.61
512	0.62
513	0.63
514	0.63
515	0.64
516	0.65
517	0.65
518	0.66
519	0.66
520	0.67
521	0.67
522	0.68
523	0.68
524	0.69
525	0.69
526	0.69
527	0.70
528	0.70
529	0.70
530	0.71
531	0.71
532	0.71
533	0.72
534	0.72
535	0.72
536	0.72
537	0.72
538	0.72
539	0.72
540	0.73
541	0.72
542	0.73
543	0.72
544	0.72
545	0.72
546	0.72
547	0.72
548	0.72
549	0.72
550	0.72
551	0.72
552	0.72
553	0.71
554	0.71
555	0.71
556	0.71
557	0.71
558	0.70
559	0.70
560	0.70
561	0.70
562	0.69
563	0.69
564	0.69
565	0.68
566	0.68
567	0.68
568	0.67
569	0.67
570	0.67
571	0.66
572	0.66
573	0.65
574	0.65
575	0.65
576	0.64
577	0.64
578	0.64
579	0.63
580	0.63
581	0.62
582	0.62
583	0.61
584	0.61
585	0.60
586	0.60
587	0.60
588	0.59
589	0.59
590	0.58
591	0.58
592	0.57
593	0.57
594	0.57
595	0.56
596	0.56
597	0.55
598	0.55
599	0.54
600	0.54
601	0.53
602	0.53
603	0.52
604	0.52
605	0.52
606	0.51
607	0.51
608	0.50
609	0.50
610	0.50
611	0.49
612	0.49
613	0.48
614	0.48
615	0.48
616	0.47
617	0.47
618	0.47
619	0.46
620	0.46
621	0.46
622	0.45
623	0.45
624	0.45
625	0.44
626	0.44
627	0.44
628	0.43
629	0.43
630	0.43
631	0.43
632	0.42
633	0.42
634	0.42
635	0.42
636	0.41
637	0.41
638	0.41
639	0.41
640	0.41
641	0.41
642	0.40
643	0.40
644	0.40
645	0.40
646	0.40
647	0.40
648	0.40
649	0.39
650	0.39
651	0.39
652	0.39
653	0.39
654	0.39
655	0.39
656	0.39
657	0.39
658	0.39
659	0.39
660	0.39
661	0.39
662	0.39
663	0.39
664	0.40
665	0.40
666	0.40
667	0.40
668	0.40
669	0.40
670	0.40
671	0.40
672	0.41
673	0.41
674	0.41
675	0.41
676	0.41
677	0.42
678	0.42
679	0.42
680	0.42
681	0.43
682	0.43
683	0.43
684	0.44
685	0.44
686	0.44
687	0.44
688	0.45
689	0.45
690	0.46
691	0.46
692	0.46
693	0.47
694	0.47
695	0.48
696	0.48
697	0.48
698	0.49
699	0.49
700	0.50
701	0.50
702	0.50
703	0.51
704	0.51
705	0.52
706	0.52
707	0.53
708	0.53
709	0.54
710	0.54
711	0.55
712	0.55
713	0.56
714	0.56
715	0.57
716	0.57
717	0.58
718	0.58
719	0.59
720	0.59
721	0.60
722	0.60
723	0.61
724	0.61
725	0.62
726	0.63
727	0.63
728	0.64
729	0.64
730	0.65
731	0.65
732	0.66
733	0.66
734	0.67
735	0.67
736	0.68
737	0.68
738	0.69
739	0.69
740	0.70
741	0.70
742	0.71
743	0.71
744	0.72
745	0.72
746	0.73
747	0.73
748	0.74
749	0.74
750	0.75
751	0.75
752	0.76
753	0.76
754	0.77
755	0.77
756	0.78
757	0.78
758	0.78
759	0.79
760	0.79
761	0.80
762	0.80
763	0.80
764	0.81
765	0.81
766	0.81
767	0.82
768	0.82
769	0.82
770	0.83
771	0.83
772	0.83
773	0.84
774	0.84
775	0.84
776	0.84
777	0.85
778	0.85
779	0.85
780	0.85
781	0.85
782	0.86
783	0.86
784	0.86
785	0.87
786	0.86
787	0.87
788	0.87
789	0.87
790	0.87
791	0.87
792	0.87
793	0.87
794	0.88
795	0.88
796	0.88
797	0.88
798	0.88
799	0.88
800	0.88
801	0.88
802	0.87
803	0.88
804	0.87
805	0.88
806	0.88
807	0.88
808	0.87
809	0.87
810	0.87
811	0.87
812	0.87
813	0.87
814	0.86
815	0.87
816	0.86
817	0.86
818	0.86
819	0.86
820	0.85
821	0.85
822	0.85
823	0.85
824	0.85
825	0.85
826	0.84
827	0.84
828	0.83
829	0.83
830	0.83
831	0.83
832	0.82
833	0.82
834	0.81
835	0.81
836	0.81
837	0.81
838	0.80
839	0.80
840	0.80
841	0.79
842	0.78
843	0.79
844	0.78
845	0.78
846	0.76
847	0.77
848	0.76
849	0.76
850	0.75
851	0.75
852	0.74
853	0.74
854	0.74
855	0.73
856	0.73
857	0.72
858	0.72
859	0.71
860	0.70
861	0.70
862	0.70
863	0.69
864	0.68
865	0.68
866	0.67
867	0.67
868	0.66
869	0.66
870	0.66
871	0.65
872	0.64
873	0.64
874	0.63
875	0.63
876	0.62
877	0.61
878	0.61
879	0.61
880	0.60
881	0.59
882	0.58
883	0.58
884	0.58
885	0.57
886	0.57
887	0.56
888	0.56
889	0.55
890	0.53
891	0.53
892	0.52
893	0.51
894	0.49
895	0.48
896	0.48
897	0.49
898	0.48
899	0.49
900	0.49
901	0.49
902	0.48
903	0.47
904	0.46
905	0.47
906	0.46
907	0.46
908	0.46
909	0.46
910	0.45
911	0.44
912	0.42
913	0.42
914	0.42
915	0.42
916	0.42
917	0.43
918	0.44
919	0.44
920	0.44
921	0.42
922	0.41
923	0.40
924	0.40
925	0.39
926	0.38
927	0.38
928	0.38
929	0.38
930	0.38
931	0.37
932	0.36
933	0.36
934	0.36
935	0.35
936	0.35
937	0.35
938	0.36
939	0.36
940	0.37
941	0.37
942	0.37
943	0.37
944	0.36
945	0.36
946	0.35
947	0.35
948	0.35
949	0.35
950	0.35
951	0.35
952	0.35
953	0.35
954	0.35
955	0.35
956	0.36
957	0.35
958	0.36
959	0.36
960	0.36
961	0.36
962	0.36
963	0.36
964	0.36
965	0.36
966	0.36
967	0.37
968	0.37
969	0.38
970	0.38
971	0.39
972	0.39
973	0.39
974	0.39
975	0.40
976	0.40
977	0.41
978	0.41
979	0.42
980	0.42
981	0.43
982	0.43
983	0.44
984	0.44
985	0.45
986	0.46
987	0.46
988	0.46
989	0.47
990	0.47
991	0.48
992	0.48
993	0.48
994	0.50
995	0.51
996	0.51
997	0.53
998	0.54
999	0.55
1000	0.56
1001	0.57
1002	0.58
1003	0.60
1004	0.61
1005	0.62
1006	0.62
1007	0.63
1008	0.63
1009	0.64
1010	0.65
1011	0.66
1012	0.67
1013	0.68
1014	0.69
1015	0.71
1016	0.72
1017	0.73
1018	0.74
1019	0.75
1020	0.76
1021	0.77
1022	0.79
1023	0.80
1024	0.81
1025	0.83
1026	0.84
1027	0.85
1028	0.87
1029	0.88
1030	0.89
1031	0.91
1032	0.92
1033	0.93
1034	0.95
1035	0.96
1036	0.98
1037	0.99
1038	1.01
1039	1.02
1040	1.04
1041	1.05
1042	1.07
1043	1.08
1044	1.10
1045	1.12
1046	1.14
1047	1.16
1048	1.17
1049	1.19
1050	1.21
1051	1.23
1052	1.25
1053	1.27
1054	1.29
1055	1.30
1056	1.32
1057	1.34
1058	1.35
1059	1.37
1060	1.39
1061	1.41
1062	1.43
1063	1.45
1064	1.47
1065	1.49
1066	1.52
1067	1.54
1068	1.56
1069	1.58
1070	1.60
1071	1.62
1072	1.65
1073	1.67
1074	1.69
1075	1.71
1076	1.73
1077	1.75
1078	1.78
1079	1.80
1080	1.82
1081	1.85
1082	1.87
1083	1.89
1084	1.92
1085	1.94
1086	1.96
1087	1.99
1088	2.01
1089	2.03
1090	2.06
1091	2.08
1092	2.11
1093	2.13
1094	2.16
1095	2.18
1096	2.21
1097	2.23
1098	2.26
1099	2.28
1100	2.31
1101	2.34
1102	2.36
1103	2.38
1104	2.41
1105	2.44
1106	2.46
1107	2.49
1108	2.51
1109	2.54
1110	2.57
1111	2.59
1112	2.62
1113	2.65
1114	2.68
1115	2.70
1116	2.73
1117	2.76
1118	2.79
1119	2.82
1120	2.84
1121	2.87
1122	2.90
1123	2.93
1124	2.97
1125	2.99
1126	3.02
1127	3.05
1128	3.08
1129	3.11
1130	3.14
1131	3.17
1132	3.20
1133	3.22
1134	3.25
1135	3.28
1136	3.31
1137	3.34
1138	3.37
1139	3.40
1140	3.43
1141	3.46
1142	3.49
1143	3.52
1144	3.55
1145	3.58
1146	3.61
1147	3.64
1148	3.67
1149	3.70
1150	3.73
1151	3.76
1152	3.80
1153	3.83
1154	3.86
1155	3.89
1156	3.92
1157	3.96
1158	3.99
1159	4.02
1160	4.05
1161	4.08
1162	4.12
1163	4.15
1164	4.18
1165	4.21
1166	4.25
1167	4.28
1168	4.31
1169	4.34
1170	4.37
1171	4.40
1172	4.44
1173	4.47
1174	4.50
1175	4.53
1176	4.57
1177	4.60
1178	4.63
1179	4.66
1180	4.69
1181	4.72
1182	4.76
1183	4.79
1184	4.82
1185	4.86
1186	4.89
1187	4.92
1188	4.96
1189	4.99
1190	5.02
1191	5.05
1192	5.09
1193	5.12
1194	5.16
1195	5.19
1196	5.23
1197	5.26
1198	5.30
1199	5.33
1200	5.37