0.38	0
0.39	0
0.4	0
0.41	0
0.42	0
0.43	0
0.44	0
0.45	0
0.46	0
0.47	0
0.48	0
0.49	0
0.5	0
0.51	0
0.52	0
0.53	0
0.54	0
0.55	0
0.56	0
0.57	0
0.58	0
0.59	0
0.6	0
0.61	0
0.62	0
0.63	0
0.64	0
0.65	0
0.66	0
0.67	0
0.68	0
0.69	0
0.7	0
0.71	0
0.72	0
0.73	0
0.74	0
0.75	0
0.76	0
0.77	0
0.78	0
0.79	1.09315E-08
0.8	2.02416E-08
0.81	7.28729E-08
0.82	2.40947E-07
0.83	7.58018E-07
0.84	2.39435E-06
0.85	7.10475E-06
0.86	2.21577E-05
0.87	6.47926E-05
0.88	0.000200326
0.89	0.000543303
0.9	0.001558395
0.91	0.004569525
0.92	0.006279283
0.93	0.006658082
0.94	0.008420842
0.95	0.009120415
0.96	0.009423574
0.97	0.010093349
0.98	0.011018313
0.99	0.01137154
1	0.011321372
1.01	0.012226807
1.02	0.012976741
1.03	0.013018808
1.04	0.012864236
1.05	0.013329799
1.06	0.0141764
1.07	0.014197156
1.08	0.013677656
1.09	0.013646879
1.1	0.27007428
1.11	0.277797575
1.12	0.276285217
1.13	0.263489288
1.14	0.263226481
1.15	0.274224218
1.16	0.282874352
1.17	0.280773963
1.18	0.2706522
1.19	0.266912848
1.2	0.270122662
1.21	0.285736595
1.22	0.287150022
1.23	0.286882226
1.24	0.278892604
1.25	0.275759715
1.26	0.275924294
1.27	0.283244808
1.28	0.291199259
1.29	0.297500852
1.3	0.292640575
1.31	0.283478148
1.32	0.281834037
1.33	0.281260342
1.34	0.29080362
1.35	0.300956563
1.36	0.304869094
1.37	0.305117591
1.38	0.302184417
1.39	0.294834327
1.4	0.301772325
1.41	0.312399417
1.42	0.318845129
1.43	0.327102807
1.44	0.331812669
1.45	0.333816589
1.46	0.329850027
1.47	0.326760557
1.48	0.320456684
1.49	0.319714201
1.5	0.321362883
1.51	0.326307056
1.52	0.337515454
1.53	0.342776857
1.54	0.346435678
1.55	0.344750646
1.56	0.338149778
1.57	0.33278761
1.58	0.325911518
1.59	0.324884497
1.6	0.325445965
1.61	0.329102557
1.62	0.333566526
1.63	0.33749535
1.64	0.339548919
1.65	0.337675836
1.66	0.33704549
1.67	0.328823921
1.68	0.323697267
1.69	0.318054878
1.7	0.308734768
1.71	0.30456307
1.72	0.305659839
1.73	0.273865995
1.74	0.27328805
1.75	0.277894937
1.76	0.279834003
1.77	0.168693432
1.78	0.031302554
1.79	0.003431744
1.8	3.3413E-05
1.81	7.08029E-06
1.82	1.50278E-06
1.83	3.18734E-07
1.84	6.65672E-08
1.85	1.44612E-08
1.86	3.06064E-09
1.87	1.38753E-09
1.88	6.14777E-10
1.89	2.79805E-10
1.9	1.27826E-10
1.91	6.3236E-11
1.92	3.16759E-11
1.93	2.87497E-11
1.94	2.61534E-11
1.95	2.38177E-11
1.96	2.15874E-11
1.97	1.95019E-11
1.98	1.73632E-11
1.99	1.5546E-11
2	1.41515E-11
2.01	1.43397E-11
2.02	1.45137E-11
2.03	1.46612E-11
2.04	1.48604E-11
2.05	1.52095E-11
2.06	1.53404E-11
2.07	1.55935E-11
2.08	1.59023E-11
2.09	1.6052E-11
2.1	1.62557E-11
2.11	1.67684E-11
2.12	1.71357E-11
2.13	1.76767E-11
2.14	1.79109E-11
2.15	1.81455E-11
2.16	1.87183E-11
2.17	1.87761E-11
2.18	1.9375E-11
2.19	1.97402E-11
2.2	2.01366E-11
2.21	1.98095E-11
2.22	1.93102E-11
2.23	1.88606E-11
2.24	1.84992E-11
2.25	1.85942E-11
2.26	1.88224E-11
2.27	1.8846E-11
2.28	1.79738E-11
2.29	1.73554E-11
2.3	1.72744E-11
2.31	1.68693E-11
2.32	1.66194E-11
2.33	1.61116E-11
2.34	1.55769E-11
2.35	1.50717E-11
2.36	1.45634E-11
2.37	1.40112E-11
2.38	1.32941E-11
2.39	1.27608E-11
2.4	1.2188E-11
2.41	2.94121E-12
2.42	7.02102E-13
2.43	1.70342E-13
2.44	4.14113E-14
2.45	1.02998E-14
2.46	2.49263E-15
2.47	6.24393E-16
2.48	1.57515E-16
2.49	3.98847E-17
2.5	9.98925E-18
2.51	1.25469E-17
2.52	1.56165E-17
2.53	1.94921E-17
2.54	2.43005E-17
2.55	2.99524E-17
2.56	3.7407E-17
2.57	4.6127E-17
2.58	5.70632E-17
2.59	7.02326E-17
2.6	8.70227E-17
2.61	8.95489E-17
2.62	9.31373E-17
2.63	9.62695E-17
2.64	1.03495E-16
2.65	1.08459E-16
2.66	1.12303E-16
2.67	1.15089E-16
2.68	1.1339E-16
2.69	1.16917E-16
2.7	1.27334E-16
2.71	2.09294E-16
2.72	3.49468E-16
2.73	5.73606E-16
2.74	9.51911E-16
2.75	1.61428E-15
2.76	2.68653E-15
2.77	4.45799E-15
2.78	7.44963E-15
2.79	1.2574E-14
2.8	2.10618E-14
2.81	7.13439E-14
2.82	2.42571E-13
2.83	8.14543E-13
2.84	2.74427E-12
2.85	9.16222E-12
2.86	3.03824E-11
2.87	1.01235E-10
2.88	3.35534E-10
2.89	1.10549E-09
2.9	3.61462E-09
2.91	3.61108E-09
2.92	3.60302E-09
2.93	3.59133E-09
2.94	3.5886E-09
2.95	3.53396E-09
2.96	3.50128E-09
2.97	3.46501E-09
2.98	3.42636E-09
2.99	3.4152E-09
3	3.38891E-09
3.01	3.39983E-09
3.02	3.36746E-09
3.03	3.33058E-09
3.04	3.31342E-09
3.05	3.26297E-09
3.06	3.22107E-09
3.07	3.19688E-09
3.08	3.15582E-09
3.09	3.09973E-09
3.1	3.06798E-09
3.11	2.9918E-09
3.12	2.97723E-09
3.13	2.9961E-09
3.14	3.01201E-09
3.15	3.00806E-09
3.16	3.03399E-09
3.17	3.0293E-09
3.18	3.02067E-09
3.19	3.04754E-09
3.2	2.9609E-09
3.21	2.90785E-09
3.22	2.83785E-09
3.23	2.78506E-09
3.24	2.73719E-09
3.25	2.6966E-09
3.26	2.63881E-09
3.27	2.60102E-09
3.28	2.56309E-09
3.29	2.51776E-09
3.3	2.47701E-09
3.31	2.40298E-09
3.32	2.35082E-09
3.33	2.26427E-09
3.34	2.17251E-09
3.35	2.08105E-09
3.36	2.00794E-09
3.37	1.94519E-09
3.38	1.88772E-09
3.39	1.81587E-09
3.4	1.74527E-09
3.41	1.67252E-09
3.42	1.56237E-09
3.43	1.45539E-09
3.44	1.36062E-09
3.45	1.27606E-09
3.46	1.21843E-09
3.47	1.16853E-09
3.48	1.10507E-09
3.49	1.02619E-09
3.5	9.0631E-10
3.51	8.31163E-10
3.52	7.5922E-10
3.53	6.85332E-10
3.54	6.17436E-10
3.55	5.67678E-10
3.56	5.32263E-10
3.57	4.80901E-10
3.58	4.30297E-10
3.59	3.8036E-10
3.6	3.11724E-10
3.61	2.58601E-10
3.62	2.25409E-10
3.63	1.99103E-10
3.64	1.68688E-10
3.65	1.34542E-10
3.66	1.02437E-10
3.67	8.22835E-11
3.68	6.40567E-11
3.69	5.15403E-11
3.7	4.07554E-11
3.71	3.08501E-11
3.72	2.48906E-11
3.73	2.00994E-11
3.74	1.61475E-11
3.75	1.28322E-11
3.76	1.02463E-11
3.77	8.25959E-12
3.78	6.67201E-12
3.79	5.06134E-12
3.8	3.93684E-12
3.81	3.20159E-12
3.82	2.69457E-12
3.83	2.28072E-12
3.84	2.14502E-12
3.85	1.90302E-12
3.86	1.59287E-12
3.87	1.33807E-12
3.88	1.18163E-12
3.89	1.10436E-12
3.9	1.13472E-12
3.91	1.07321E-12
3.92	1.06598E-12
3.93	9.65647E-13
3.94	9.97974E-13
3.95	1.04639E-12
3.96	1.01949E-12
3.97	1.03902E-12
3.98	9.10429E-13
3.99	9.36646E-13
4	7.04141E-13
4.01	6.39939E-13
4.02	5.74915E-13
4.03	5.15899E-13
4.04	4.5873E-13
4.05	4.07058E-13
4.06	3.6104E-13
4.07	3.25777E-13
4.08	2.83698E-13
4.09	2.57886E-13
4.1	2.28702E-13
4.11	2.01571E-13
4.12	1.79529E-13
4.13	1.59028E-13
4.14	1.43589E-13
4.15	1.24945E-13
4.16	1.12374E-13
4.17	1.00636E-13
4.18	9.08963E-14
4.19	8.13855E-14
4.2	7.11883E-14
4.21	6.63823E-14
4.22	5.90142E-14
4.23	5.27012E-14
4.24	4.40042E-14
4.25	3.93911E-14
4.26	7.15576E-14
4.27	1.31537E-13
4.28	2.51621E-13
4.29	4.43832E-13
4.3	7.48131E-13
4.31	7.52941E-13
4.32	6.55172E-13
4.33	6.42771E-13
4.34	5.80244E-13
4.35	5.27292E-13
4.36	3.29617E-13
4.37	2.16047E-13
4.38	1.3462E-13
4.39	8.46516E-14
4.4	5.41872E-14
