3.800000000000000044e-01 9.279333141767036608e-01
3.900000000000000133e-01 9.281666367426730790e-01
4.000000000000000222e-01 9.284666367523408681e-01
4.099999999999999756e-01 9.286666367587824711e-01
4.199999999999999845e-01 9.289666367684397130e-01
4.299999999999999933e-01 9.290999569537600200e-01
4.400000000000000022e-01 9.293666367813063767e-01
4.500000000000000111e-01 9.293665901656292805e-01
4.600000000000000200e-01 9.293999031841596592e-01
4.699999999999999734e-01 9.295999032049847566e-01
4.799999999999999822e-01 9.299332747965127766e-01
4.899999999999999911e-01 9.296998279508049690e-01
5.000000000000000000e-01 9.295664324662014089e-01
5.100000000000000089e-01 9.298331314482520815e-01
5.200000000000000178e-01 9.299998280062886646e-01
5.300000000000000266e-01 9.302665221821414532e-01
5.400000000000000355e-01 9.304332139431696902e-01
5.500000000000000444e-01 9.305999033089760175e-01
5.600000000000000533e-01 9.306332139688214822e-01
5.699999999999999512e-01 9.306665222442246366e-01
5.799999999999999600e-01 9.308332139944621719e-01
5.899999999999999689e-01 9.309332140072782424e-01
5.999999999999999778e-01 9.310332140200918705e-01
6.099999999999999867e-01 9.310999033608877706e-01
6.199999999999999956e-01 9.311999033712633489e-01
6.300000000000000044e-01 9.313665903298748994e-01
6.400000000000000133e-01 9.315332748970388543e-01
6.500000000000000222e-01 9.315999570692604648e-01
6.600000000000000311e-01 9.317666368582744330e-01
6.700000000000000400e-01 9.319333142589190100e-01
6.800000000000000488e-01 9.320999892723047520e-01
6.899999999999999467e-01 9.321333142630113811e-01
6.999999999999999556e-01 9.321999892734553761e-01
7.099999999999999645e-01 9.323666619000519074e-01
7.199999999999999734e-01 9.322999892746057782e-01
7.299999999999999822e-01 9.325333321418641797e-01
7.399999999999999911e-01 9.324666619005632651e-01
7.500000000000000000e-01 9.324999892769059162e-01
7.600000000000000089e-01 9.324333142691463294e-01
7.700000000000000178e-01 9.324333142691463294e-01
7.800000000000000266e-01 9.323666368774545798e-01
7.900000000000000355e-01 9.323666368774545798e-01
8.000000000000000444e-01 9.323999571060898051e-01
8.100000000000000533e-01 9.324666368806487915e-01
8.199999999999999512e-01 9.324999571106891150e-01
8.299999999999999600e-01 9.325666368838424480e-01
8.399999999999999689e-01 9.325666368838424480e-01
8.499999999999999778e-01 9.326666368870355495e-01
8.599999999999999867e-01 9.326666368870355495e-01
8.699999999999999956e-01 9.323999034955982035e-01
8.800000000000000044e-01 9.323665225074835305e-01
8.900000000000000133e-01 9.323665225074835305e-01
9.000000000000000222e-01 9.322998284304789829e-01
9.100000000000000311e-01 9.322998284304789829e-01
9.200000000000000400e-01 9.322998284304789829e-01
9.299999999999999378e-01 9.324665225229394894e-01
9.399999999999999467e-01 9.325665225383920065e-01
9.499999999999999556e-01 9.325665225383920065e-01
9.599999999999999645e-01 9.326332142247335533e-01
9.699999999999999734e-01 9.326999035266319016e-01
9.799999999999999822e-01 9.327332142375004409e-01
9.899999999999999911e-01 9.327999035369719527e-01
1.000000000000000000e+00 9.328332142502644420e-01
1.010000000000000009e+00 9.327665225692872708e-01
1.020000000000000018e+00 9.326998285040377645e-01
1.030000000000000027e+00 9.327998285224174957e-01
1.040000000000000036e+00 9.326998285040377645e-01
1.050000000000000044e+00 9.326331320541743075e-01
1.060000000000000053e+00 9.324997319992426315e-01
1.070000000000000062e+00 9.325997320279691971e-01
1.080000000000000071e+00 9.325997320279691971e-01
1.090000000000000080e+00 9.325997320279691971e-01
1.100000000000000089e+00 9.326330284588599806e-01
1.110000000000000098e+00 9.326330284588599806e-01
1.120000000000000107e+00 9.325663224755641467e-01
1.129999999999999893e+00 9.324996141064607613e-01
1.139999999999999902e+00 9.326663225124531831e-01
1.149999999999999911e+00 9.325329033972967752e-01
1.159999999999999920e+00 9.327330284915338332e-01
1.169999999999999929e+00 9.327330284915338332e-01
1.179999999999999938e+00 9.329664333194112036e-01
1.189999999999999947e+00 9.325329033972967752e-01
1.199999999999999956e+00 9.325329033972967752e-01
1.209999999999999964e+00 9.327329034894437099e-01
1.219999999999999973e+00 9.326329034433752385e-01
1.229999999999999982e+00 9.326329034433752385e-01
1.239999999999999991e+00 9.327996142305158278e-01
1.250000000000000000e+00 9.330997321715104320e-01
1.260000000000000009e+00 9.330330285895128695e-01
1.270000000000000018e+00 9.332331321835419802e-01
1.280000000000000027e+00 9.330997321715104320e-01
1.290000000000000036e+00 9.333998286326137261e-01
1.300000000000000044e+00 9.333331322050869572e-01
1.310000000000000053e+00 9.335665226927363225e-01
1.320000000000000062e+00 9.333998286326137261e-01
1.330000000000000071e+00 9.337332143650179939e-01
1.340000000000000080e+00 9.337332143650179939e-01
1.350000000000000089e+00 9.337332143650179939e-01
1.360000000000000098e+00 9.338999036505672979e-01
1.370000000000000107e+00 9.337665227235654175e-01
1.379999999999999893e+00 9.338332143777547945e-01
1.389999999999999902e+00 9.338332143777547945e-01
1.399999999999999911e+00 9.339332143904888195e-01
1.409999999999999920e+00 9.340665905504909050e-01
1.419999999999999929e+00 9.340665905504909050e-01
1.429999999999999938e+00 9.340665905504909050e-01
1.439999999999999947e+00 9.340999036711921111e-01
1.449999999999999956e+00 9.341665905586372665e-01
1.459999999999999964e+00 9.340999036711921111e-01
1.469999999999999973e+00 9.342665905667821846e-01
1.479999999999999982e+00 9.342665905667821846e-01
1.489999999999999991e+00 9.341999036815012980e-01
1.500000000000000000e+00 9.341332144159487649e-01
1.510000000000000009e+00 9.342332144286744633e-01
1.520000000000000018e+00 9.341665227851840836e-01
1.530000000000000027e+00 9.342999036918082645e-01
1.540000000000000036e+00 9.342999036918082645e-01
1.550000000000000044e+00 9.343999037021130105e-01
1.560000000000000053e+00 9.343999037021130105e-01
1.570000000000000062e+00 9.343332144413978302e-01
1.580000000000000071e+00 9.344999037124156471e-01
1.590000000000000080e+00 9.344999037124156471e-01
1.600000000000000089e+00 9.344999037124156471e-01
1.610000000000000098e+00 9.344999037124156471e-01
1.620000000000000107e+00 9.345332144668357932e-01
1.629999999999999893e+00 9.345332144668357932e-01
1.639999999999999902e+00 9.345999037227158412e-01
1.649999999999999911e+00 9.346665905993436496e-01
1.659999999999999920e+00 9.346999037330141480e-01
1.669999999999999929e+00 9.350333143221520871e-01
1.679999999999999938e+00 9.351333143241850054e-01
1.689999999999999947e+00 9.350666369634604846e-01
1.699999999999999956e+00 9.353666619153392370e-01
1.709999999999999964e+00 9.352333143262173687e-01
1.719999999999999973e+00 9.353333143282491768e-01
1.729999999999999982e+00 9.353333143282491768e-01
1.739999999999999991e+00 9.353999893101482277e-01
1.750000000000000000e+00 9.355666619163549580e-01
1.760000000000000009e+00 9.354999893112907472e-01
1.770000000000000018e+00 9.354333143302808740e-01
1.780000000000000027e+00 9.353666369729860541e-01
1.790000000000000036e+00 9.351665906400064010e-01
1.800000000000000044e+00 9.352999572390682248e-01
1.810000000000000053e+00 9.352999572390682248e-01
1.820000000000000062e+00 9.353332751344097806e-01
1.830000000000000071e+00 9.353999572436387799e-01
1.840000000000000080e+00 9.354666369761599487e-01
1.849999999999999867e+00 9.355666369793331771e-01
1.859999999999999876e+00 9.355666369793331771e-01
1.869999999999999885e+00 9.355666369793331771e-01
1.879999999999999893e+00 9.357333143363727457e-01
1.889999999999999902e+00 9.357333143363727457e-01
1.899999999999999911e+00 9.357666369856773025e-01
1.909999999999999920e+00 9.358999893158587158e-01
1.919999999999999929e+00 9.357666369856773025e-01
1.929999999999999938e+00 9.357666369856773025e-01
1.939999999999999947e+00 9.355999038255982114e-01
1.949999999999999956e+00 9.354665229850812613e-01
1.959999999999999964e+00 9.352998289806360166e-01
1.969999999999999973e+00 9.355665230004350796e-01
1.979999999999999982e+00 9.354998290171878672e-01
1.989999999999999991e+00 9.353998289989138293e-01
2.000000000000000000e+00 9.354998290171878672e-01
2.009999999999999787e+00 9.355665230004350796e-01
2.020000000000000018e+00 9.354998290171878672e-01
2.029999999999999805e+00 9.355998290354579083e-01
2.040000000000000036e+00 9.355998290354579083e-01
2.049999999999999822e+00 9.355331326779143808e-01
2.060000000000000053e+00 9.356331326993536646e-01
2.069999999999999840e+00 9.356331326993536646e-01
2.080000000000000071e+00 9.356331326993536646e-01
2.089999999999999858e+00 9.356664339925445661e-01
2.100000000000000089e+00 9.356664339925445661e-01
2.109999999999999876e+00 9.357664340174006723e-01
2.120000000000000107e+00 9.356997329154521648e-01
2.129999999999999893e+00 9.356330294360337696e-01
2.140000000000000124e+00 9.357997329439828871e-01
2.149999999999999911e+00 9.356663236154595387e-01
2.160000000000000142e+00 9.355996153845275165e-01
2.169999999999999929e+00 9.354661917876269106e-01
2.180000000000000160e+00 9.353327586750824763e-01
2.189999999999999947e+00 9.351325911584943418e-01
2.200000000000000178e+00 9.349991342449588405e-01
2.209999999999999964e+00 9.347321918397100138e-01
2.220000000000000195e+00 9.344652113120841541e-01
2.229999999999999982e+00 9.341314320097664492e-01
2.240000000000000213e+00 9.337643653809337696e-01
2.250000000000000000e+00 9.334972607581023540e-01
2.259999999999999787e+00 9.329629368328702377e-01
2.270000000000000018e+00 9.326289066689659180e-01
2.279999999999999805e+00 9.319943333380217299e-01
2.290000000000000036e+00 9.312259007955734358e-01
2.299999999999999822e+00 9.305909815071448099e-01
2.310000000000000053e+00 9.296214096075274824e-01
2.319999999999999840e+00 9.287852994629655079e-01
2.330000000000000071e+00 9.277149724135520525e-01
2.339999999999999858e+00 9.265772388440228768e-01
2.350000000000000089e+00 9.256390344734370945e-01
2.359999999999999876e+00 9.244332803927636233e-01
2.370000000000000107e+00 9.232269762974383287e-01
2.379999999999999893e+00 9.219529779473851772e-01
2.390000000000000124e+00 9.205439790951648327e-01
2.399999999999999911e+00 9.193014199614377713e-01
2.410000000000000142e+00 9.176563051387172099e-01
2.419999999999999929e+00 9.161775331161530200e-01
2.430000000000000160e+00 9.148999722526861555e-01
2.439999999999999947e+00 9.136891763833311364e-01
2.450000000000000178e+00 9.126452693025105534e-01
2.459999999999999964e+00 9.115008570743335925e-01
2.470000000000000195e+00 9.104559660831477164e-01
2.479999999999999982e+00 9.091079217574834503e-01
2.490000000000000213e+00 9.079267575510124866e-01
2.500000000000000000e+00 9.067801849823339255e-01
