200.0	0.00000257
200.2	0.00000162
200.4	0.00000222
200.6	0.00000674
200.8	0.00005776
201.0	0.00017092
201.2	0.00029060
201.4	0.00085625
201.6	0.00138739
201.8	0.00098901
202.0	0.00078181
202.2	0.00216172
202.4	0.00396552
202.6	0.00130107
202.8	0.00027842
203.0	0.00018591
203.2	0.00020673
203.4	0.00040907
203.6	0.00018459
203.8	0.00008221
204.0	0.00006489
204.2	0.00008445
204.4	0.00003295
204.6	0.00002074
204.8	0.00004756
205.0	0.00025604
205.2	0.00003930
205.4	0.00001027
205.6	0.00000635
205.8	0.00000517
206.0	0.00000062
206.2	0.00000029
206.4	0.00000062
206.6	0.00000059
206.8	0.00000091
207.0	0.00000079
207.2	0.00000001
207.4	0.00000000
207.6	0.00000000
207.8	0.00000000
208.0	0.00000000
208.2	0.00000000
208.4	0.00000000
208.6	0.00000000
208.8	0.00000000
209.0	0.00000000
209.2	0.00000000
209.4	0.00000000
209.6	0.00000000
209.8	0.00000000
210.0	0.00000000
210.2	0.00000000
210.4	0.00000000
210.6	0.00000000
210.8	0.00000000
211.0	0.00000000
211.2	0.00000000
211.4	0.00000000
211.6	0.00000000
211.8	0.00000000
212.0	0.00000000
212.2	0.00000000
212.4	0.00000000
212.6	0.00000000
212.8	0.00000000
213.0	0.00000000
213.2	0.00000000
213.4	0.00000000
213.6	0.00000000
213.8	0.00000000
214.0	0.00000000
214.2	0.00000000
214.4	0.00000000
214.6	0.00000000
214.8	0.00000000
215.0	0.00000000
215.2	0.00000000
215.4	0.00000000
215.6	0.00000000
215.8	0.00000000
216.0	0.00000000
216.2	0.00000000
216.4	0.00000000
216.6	0.00000000
216.8	0.00000000
217.0	0.00000000
217.2	0.00000000
217.4	0.00000000
217.6	0.00000000
217.8	0.00000000
218.0	0.00000000
218.2	0.00000000
218.4	0.00000000
218.6	0.00000000
218.8	0.00000000
219.0	0.00000000
219.2	0.00000000
219.4	0.00000001
219.6	0.00000000
219.8	0.00000000
220.0	0.00000001
220.2	0.00000003
220.4	0.00000015
220.6	0.00000101
220.8	0.00000531
221.0	0.00002171
221.2	0.00006789
221.4	0.00022151
221.6	0.00116305
221.8	0.01374358
222.0	0.08687604
222.2	0.21100852
222.4	0.33427200
222.6	0.08751853
222.8	0.00323966
223.0	0.00029895
223.2	0.00007527
223.4	0.00002576
223.6	0.00000398
223.8	0.00000076
224.0	0.00000026
224.2	0.00000016
224.4	0.00000014
224.6	0.00000016
224.8	0.00000012
225.0	0.00000009
225.2	0.00000008
225.4	0.00000008
225.6	0.00000009
225.8	0.00000006
226.0	0.00000003
226.2	0.00000003
226.4	0.00000004
226.6	0.00000007
226.8	0.00000005
227.0	0.00000003
227.2	0.00000003
227.4	0.00000005
227.6	0.00000012
227.8	0.00000014
228.0	0.00000009
228.2	0.00000010
228.4	0.00000016
228.6	0.00000036
228.8	0.00000070
229.0	0.00000087
229.2	0.00000126
229.4	0.00000187
229.6	0.00000189
229.8	0.00000206
230.0	0.00000344
230.2	0.00000753
230.4	0.00000961
230.6	0.00000887
230.8	0.00001172
231.0	0.00002494
231.2	0.00009032
231.4	0.00065842
231.6	0.00930894
231.8	0.01433508
232.0	0.01918669
232.2	0.02898678
232.4	0.05534775
232.6	0.16405898
232.8	0.54890856
233.0	0.16143586
233.2	0.06175896
233.4	0.04470952
233.6	0.05378981
233.8	0.10919431
234.0	0.27283495
234.2	0.05726642
234.4	0.00657658
234.6	0.00155955
234.8	0.00066850
235.0	0.00046602
235.2	0.00050050
235.4	0.00079653
235.6	0.00168811
235.8	0.00352209
236.0	0.00613056
236.2	0.01137627
236.4	0.02159235
236.6	0.03250125
236.8	0.04370187
237.0	0.05668916
237.2	0.06748387
237.4	0.07636599
237.6	0.09901477
237.8	0.19507427
238.0	0.74576157
238.2	0.81677042
238.4	0.22641229
238.6	0.05729279
238.8	0.01409289
239.0	0.00487080
239.2	0.00253980
239.4	0.00199802
239.6	0.00246945
239.8	0.00566631
240.0	0.02566847
240.2	0.00754571
240.4	0.00284119
240.6	0.00223718
240.8	0.00331971
241.0	0.01133966
241.2	0.01842892
241.4	0.00476321
241.6	0.00247400
241.8	0.00196110
242.0	0.00257336
242.2	0.00885727
242.4	0.00683125
242.6	0.00186080
242.8	0.00189933
243.0	0.00286748
243.2	0.00040841
243.4	0.00012291
243.6	0.00007713
243.8	0.00009799
244.0	0.00037248
244.2	0.00020668
244.4	0.00004282
244.6	0.00002390
244.8	0.00002529
245.0	0.00004901
245.2	0.00019351
245.4	0.00052276
245.6	0.00008219
245.8	0.00001561
246.0	0.00000522
246.2	0.00000285
246.4	0.00000249
246.6	0.00000384
246.8	0.00001437
247.0	0.00000883
247.2	0.00000195
247.4	0.00000096
247.6	0.00000076
247.8	0.00000088
248.0	0.00000150
248.2	0.00000422
248.4	0.00002794
248.6	0.00005979
248.8	0.00003516
249.0	0.00009228
249.2	0.00004353
249.4	0.00001010
249.6	0.00000645
249.8	0.00000950
250.0	0.00003845
250.2	0.00001307
250.4	0.00000384
250.6	0.00000251
250.8	0.00000294
251.0	0.00000637
251.2	0.00003357
251.4	0.00004552
251.6	0.00002167
251.8	0.00003261
252.0	0.00017124
252.2	0.00016489
252.4	0.00017430
252.6	0.00002292
252.8	0.00000339
253.0	0.00000124
253.2	0.00000082
253.4	0.00000096
253.6	0.00000236
253.8	0.00001155
254.0	0.00000228
254.2	0.00000102
254.4	0.00000100
254.6	0.00000192
254.8	0.00000900
255.0	0.00003280
255.2	0.00001717
255.4	0.00003962
255.6	0.00012552
255.8	0.00006569
256.0	0.00000364
256.2	0.00000038
256.4	0.00000009
256.6	0.00000004
256.8	0.00000002
257.0	0.00000001
257.2	0.00000002
257.4	0.00000002
257.6	0.00000005
257.8	0.00000023
258.0	0.00000045
258.2	0.00000018
258.4	0.00000015
258.6	0.00000026
258.8	0.00000107
259.0	0.00000390
259.2	0.00000134
259.4	0.00000136
259.6	0.00000427
259.8	0.00000328
260.0	0.00000089
260.2	0.00000059
260.4	0.00000076
260.6	0.00000191
260.8	0.00001055
261.0	0.00001516
261.2	0.00000140
261.4	0.00000026
261.6	0.00000009
261.8	0.00000005
262.0	0.00000003
262.2	0.00000004
262.4	0.00000005
262.6	0.00000009
262.8	0.00000023
263.0	0.00000059
263.2	0.00000094
263.4	0.00000160
263.6	0.00000636
263.8	0.00000471
264.0	0.00000140
264.2	0.00000097
264.4	0.00000100
264.6	0.00000088
264.8	0.00000057
265.0	0.00000041
265.2	0.00000042
265.4	0.00000062
265.6	0.00000145
265.8	0.00000671
266.0	0.00001979
266.2	0.00000426
266.4	0.00000191
266.6	0.00000143
266.8	0.00000152
267.0	0.00000129
267.2	0.00000064
267.4	0.00000037
267.6	0.00000034
267.8	0.00000059
268.0	0.00000293
268.2	0.00000085
268.4	0.00000016
268.6	0.00000004
268.8	0.00000001
269.0	0.00000000
269.2	0.00000000
269.4	0.00000000
269.6	0.00000000
269.8	0.00000000
270.0	0.00000000
270.2	0.00000000
270.4	0.00000000
270.6	0.00000000
270.8	0.00000001
271.0	0.00000001
271.2	0.00000001
271.4	0.00000001
271.6	0.00000001
271.8	0.00000003
272.0	0.00000014
272.2	0.00000014
272.4	0.00000001
272.6	0.00000000
272.8	0.00000000
273.0	0.00000000
273.2	0.00000000
273.4	0.00000000
273.6	0.00000000
273.8	0.00000000
274.0	0.00000000
274.2	0.00000000
274.4	0.00000000
274.6	0.00000000
274.8	0.00000001
275.0	0.00000001
275.2	0.00000001
275.4	0.00000001
275.6	0.00000002
275.8	0.00000010
276.0	0.00000010
276.2	0.00000002
276.4	0.00000001
276.6	0.00000001
276.8	0.00000000
277.0	0.00000000
277.2	0.00000000
277.4	0.00000000
277.6	0.00000000
277.8	0.00000000
278.0	0.00000000
278.2	0.00000000
278.4	0.00000000
278.6	0.00000000
278.8	0.00000000
279.0	0.00000001
279.2	0.00000001
279.4	0.00000003
279.6	0.00000009
279.8	0.00000038
280.0	0.00000209
280.2	0.00001666
280.4	0.00014035
280.6	0.00003739
280.8	0.00001907
281.0	0.00002210
281.2	0.00006093
281.4	0.00015657
281.6	0.00003135
281.8	0.00001349
282.0	0.00000950
282.2	0.00000918
282.4	0.00001213
282.6	0.00002566
282.8	0.00010202
283.0	0.00003780
283.2	0.00001105
283.4	0.00000595
283.6	0.00000446
283.8	0.00000386
284.0	0.00000335
284.2	0.00000286
284.4	0.00000263
284.6	0.00000289
284.8	0.00000407
285.0	0.00000814
285.2	0.00002785
285.4	0.00017918
285.6	0.00007547
285.8	0.00002831
286.0	0.00001426
286.2	0.00000794
286.4	0.00000524
286.6	0.00000437
286.8	0.00000479
287.0	0.00000715
287.2	0.00001573
287.4	0.00005988
287.6	0.00025509
287.8	0.00013536
288.0	0.00005717
288.2	0.00002196
288.4	0.00000959
288.6	0.00000550
288.8	0.00000415
289.0	0.00000401
289.2	0.00000486
289.4	0.00000722
289.6	0.00001250
289.8	0.00002274
290.0	0.00004022
290.2	0.00007843
290.4	0.00023254
290.6	0.00152090
290.8	0.00119124
291.0	0.00075474
291.2	0.00147299
291.4	0.00116439
291.6	0.00032367
291.8	0.00019674
292.0	0.00023648
292.2	0.00056442
292.4	0.00089413
292.6	0.00029147
292.8	0.00009587
293.0	0.00002871
293.2	0.00000971
293.4	0.00000425
293.6	0.00000240
293.8	0.00000170
294.0	0.00000147
294.2	0.00000151
294.4	0.00000175
294.6	0.00000210
294.8	0.00000242
295.0	0.00000275
295.2	0.00000360
295.4	0.00000663
295.6	0.00001484
295.8	0.00000562
296.0	0.00000163
296.2	0.00000074
296.4	0.00000047
296.6	0.00000040
296.8	0.00000049
297.0	0.00000100
297.2	0.00000160
297.4	0.00000034
297.6	0.00000010
297.8	0.00000005
298.0	0.00000003
298.2	0.00000002
298.4	0.00000002
298.6	0.00000002
298.8	0.00000002
299.0	0.00000003
299.2	0.00000006
299.4	0.00000011
299.6	0.00000009
299.8	0.00000005
300.0	0.00000004
300.2	0.00000004
300.4	0.00000005
300.6	0.00000008
300.8	0.00000014
301.0	0.00000010
301.2	0.00000005
301.4	0.00000004
301.6	0.00000004
301.8	0.00000007
302.0	0.00000009
302.2	0.00000002
302.4	0.00000001
302.6	0.00000000
302.8	0.00000000
303.0	0.00000000
303.2	0.00000000
303.4	0.00000000
303.6	0.00000000
303.8	0.00000000
304.0	0.00000001
304.2	0.00000001
304.4	0.00000000
304.6	0.00000000
304.8	0.00000000
305.0	0.00000000
305.2	0.00000000
305.4	0.00000000
305.6	0.00000000
305.8	0.00000000
306.0	0.00000000
306.2	0.00000000
306.4	0.00000000
306.6	0.00000000
306.8	0.00000000
307.0	0.00000000
307.2	0.00000000
307.4	0.00000000
307.6	0.00000000
307.8	0.00000000
308.0	0.00000000
308.2	0.00000000
308.4	0.00000000
308.6	0.00000000
308.8	0.00000000
309.0	0.00000000
309.2	0.00000000
309.4	0.00000000
309.6	0.00000000
309.8	0.00000000
310.0	0.00000000
310.2	0.00000002
310.4	0.00000000
310.6	0.00000000
310.8	0.00000000
311.0	0.00000001
311.2	0.00000003
311.4	0.00000001
311.6	0.00000001
311.8	0.00000005
312.0	0.00000001
312.2	0.00000000
312.4	0.00000000
312.6	0.00000000
312.8	0.00000000
313.0	0.00000000
313.2	0.00000000
313.4	0.00000000
313.6	0.00000000
313.8	0.00000000
314.0	0.00000000
314.2	0.00000000
314.4	0.00000000
314.6	0.00000000
314.8	0.00000000
315.0	0.00000000
315.2	0.00000000
315.4	0.00000000
315.6	0.00000000
315.8	0.00000000
316.0	0.00000000
316.2	0.00000000
316.4	0.00000000
316.6	0.00000000
316.8	0.00000000
317.0	0.00000000
317.2	0.00000000
317.4	0.00000000
317.6	0.00000000
317.8	0.00000000
318.0	0.00000000
318.2	0.00000000
318.4	0.00000000
318.6	0.00000000
318.8	0.00000000
319.0	0.00000000
319.2	0.00000000
319.4	0.00000000
319.6	0.00000000
319.8	0.00000000
320.0	0.00000000
320.2	0.00000000
320.4	0.00000000
320.6	0.00000000
320.8	0.00000000
321.0	0.00000000
321.2	0.00000000
321.4	0.00000000
321.6	0.00000000
321.8	0.00000000
322.0	0.00000000
322.2	0.00000000
322.4	0.00000000
322.6	0.00000000
322.8	0.00000000
323.0	0.00000000
323.2	0.00000000
323.4	0.00000000
323.6	0.00000000
323.8	0.00000000
324.0	0.00000000
324.2	0.00000000
324.4	0.00000000
324.6	0.00000000
324.8	0.00000000
325.0	0.00000000
325.2	0.00000000
325.4	0.00000000
325.6	0.00000000
325.8	0.00000000
326.0	0.00000000
326.2	0.00000000
326.4	0.00000000
326.6	0.00000000
326.8	0.00000000
327.0	0.00000000
327.2	0.00000000
327.4	0.00000000
327.6	0.00000000
327.8	0.00000000
328.0	0.00000000
328.2	0.00000000
328.4	0.00000000
328.6	0.00000000
328.8	0.00000000
329.0	0.00000000
329.2	0.00000000
329.4	0.00000000
329.6	0.00000000
329.8	0.00000000
330.0	0.00000000
330.2	0.00000000
330.4	0.00000000
330.6	0.00000000
330.8	0.00000000
331.0	0.00000000
331.2	0.00000000
331.4	0.00000000
331.6	0.00000000
331.8	0.00000000
332.0	0.00000000
332.2	0.00000000
332.4	0.00000000
332.6	0.00000000
332.8	0.00000000
333.0	0.00000000
333.2	0.00000000
333.4	0.00000000
333.6	0.00000000
333.8	0.00000000
334.0	0.00000000
334.2	0.00000000
334.4	0.00000001
334.6	0.00000003
334.8	0.00000131
335.0	0.00000005
335.2	0.00000002
335.4	0.00000002
335.6	0.00000002
335.8	0.00000003
336.0	0.00000007
336.2	0.00000023
336.4	0.00000204
336.6	0.00000954
336.8	0.00000141
337.0	0.00000097
337.2	0.00000114
337.4	0.00000188
337.6	0.00000415
337.8	0.00001296
338.0	0.00008892
338.2	0.00069343
338.4	0.00004373
338.6	0.00001775
338.8	0.00001243
339.0	0.00001252
339.2	0.00001813
339.4	0.00004591
339.6	0.00073114
339.8	0.00006480
340.0	0.00001203
340.2	0.00000464
340.4	0.00000248
340.6	0.00000164
340.8	0.00000130
341.0	0.00000121
341.2	0.00000131
341.4	0.00000167
341.6	0.00000248
341.8	0.00000433
342.0	0.00000905
342.2	0.00002491
342.4	0.00011005
342.6	0.00005015
342.8	0.00001110
343.0	0.00000438
343.2	0.00000245
343.4	0.00000179
343.6	0.00000166
343.8	0.00000202
344.0	0.00000359
344.2	0.00001330
344.4	0.00003619
344.6	0.00000439
344.8	0.00000152
345.0	0.00000083
345.2	0.00000060
345.4	0.00000052
345.6	0.00000051
345.8	0.00000057
346.0	0.00000070
346.2	0.00000094
346.4	0.00000135
346.6	0.00000205
346.8	0.00000330
347.0	0.00000583
347.2	0.00001196
347.4	0.00003111
347.6	0.00009890
347.8	0.00017551
348.0	0.00017628
348.2	0.00024367
348.4	0.00010683
348.6	0.00002362
348.8	0.00000804
349.0	0.00000383
349.2	0.00000232
349.4	0.00000170
349.6	0.00000147
349.8	0.00000149
350.0	0.00000178
350.2	0.00000260
350.4	0.00000500
350.6	0.00001591
350.8	0.00020994
351.0	0.00004059
351.2	0.00001061
351.4	0.00000574
351.6	0.00000431
351.8	0.00000399
352.0	0.00000434
352.2	0.00000543
352.4	0.00000790
352.6	0.00001385
352.8	0.00003262
353.0	0.00012735
353.2	0.00018340
353.4	0.00004832
353.6	0.00002152
353.8	0.00001374
354.0	0.00001112
354.2	0.00001085
354.4	0.00001258
354.6	0.00001739
354.8	0.00002924
355.0	0.00006199
355.2	0.00016542
355.4	0.00036316
355.6	0.00030507
355.8	0.00018101
356.0	0.00010297
356.2	0.00005660
356.4	0.00003272
356.6	0.00002139
356.8	0.00001631
357.0	0.00001471
357.2	0.00001600
357.4	0.00002197
357.6	0.00004306
357.8	0.00018454
358.0	0.00078542
358.2	0.00006549
358.4	0.00002223
358.6	0.00001222
358.8	0.00000874
359.0	0.00000752
359.2	0.00000756
359.4	0.00000878
359.6	0.00001183
359.8	0.00001884
360.0	0.00003656
360.2	0.00008638
360.4	0.00018084
360.6	0.00017956
360.8	0.00014478
361.0	0.00016151
361.2	0.00030549
361.4	0.00076931
361.6	0.00019625
361.8	0.00005438
362.0	0.00002431
362.2	0.00001464
362.4	0.00001096
362.6	0.00000990
362.8	0.00001078
363.0	0.00001456
363.2	0.00002632
363.4	0.00007534
363.6	0.00022803
363.8	0.00007485
364.0	0.00003054
364.2	0.00002038
364.4	0.00001985
364.6	0.00002932
364.8	0.00008925
365.0	0.00031499
365.2	0.00003070
365.4	0.00000904
365.6	0.00000439
365.8	0.00000282
366.0	0.00000224
366.2	0.00000212
366.4	0.00000243
366.6	0.00000348
366.8	0.00000703
367.0	0.00003042
367.2	0.00026959
367.4	0.00001446
367.6	0.00000484
367.8	0.00000274
368.0	0.00000206
368.2	0.00000191
368.4	0.00000212
368.6	0.00000284
368.8	0.00000482
369.0	0.00001153
369.2	0.00005806
369.4	0.00124394
369.6	0.00005614
369.8	0.00002343
370.0	0.00001629
370.2	0.00001230
370.4	0.00000782
370.6	0.00000434
370.8	0.00000249
371.0	0.00000160
371.2	0.00000117
371.4	0.00000097
371.6	0.00000091
371.8	0.00000097
372.0	0.00000118
372.2	0.00000170
372.4	0.00000301
372.6	0.00000753
372.8	0.00004213
373.0	0.00076542
373.2	0.00002854
373.4	0.00001191
373.6	0.00000871
373.8	0.00000881
374.0	0.00001169
374.2	0.00002084
374.4	0.00005689
374.6	0.00042247
374.8	0.00239718
375.0	0.00021797
375.2	0.00010703
375.4	0.00006803
375.6	0.00004058
375.8	0.00002387
376.0	0.00001544
376.2	0.00001159
376.4	0.00001022
376.6	0.00001053
376.8	0.00001246
377.0	0.00001630
377.2	0.00002273
377.4	0.00003750
377.6	0.00015066
377.8	0.00017803
378.0	0.00000866
378.2	0.00000181
378.4	0.00000059
378.6	0.00000025
378.8	0.00000012
379.0	0.00000007
379.2	0.00000004
379.4	0.00000003
379.6	0.00000002
379.8	0.00000002
380.0	0.00000001
380.2	0.00000001
380.4	0.00000001
380.6	0.00000001
380.8	0.00000001
381.0	0.00000002
381.2	0.00000003
381.4	0.00000005
381.6	0.00000016
381.8	0.00000553
382.0	0.00000028
382.2	0.00000005
382.4	0.00000002
382.6	0.00000001
382.8	0.00000001
383.0	0.00000000
383.2	0.00000000
383.4	0.00000000
383.6	0.00000000
383.8	0.00000000
384.0	0.00000000
384.2	0.00000000
384.4	0.00000000
384.6	0.00000000
384.8	0.00000000
385.0	0.00000000
385.2	0.00000001
385.4	0.00000021
385.6	0.00000003
385.8	0.00000000
386.0	0.00000000
386.2	0.00000000
386.4	0.00000000
386.6	0.00000000
386.8	0.00000000
387.0	0.00000000
387.2	0.00000000
387.4	0.00000000
387.6	0.00000000
387.8	0.00000000
388.0	0.00000000
388.2	0.00000000
388.4	0.00000000
388.6	0.00000000
388.8	0.00000000
389.0	0.00000000
389.2	0.00000001
389.4	0.00000060
389.6	0.00000002
389.8	0.00000000
390.0	0.00000000
390.2	0.00000000
390.4	0.00000000
390.6	0.00000000
390.8	0.00000000
391.0	0.00000000
391.2	0.00000000
391.4	0.00000000
391.6	0.00000000
391.8	0.00000000
392.0	0.00000000
392.2	0.00000000
392.4	0.00000001
392.6	0.00000002
392.8	0.00000006
393.0	0.00000045
393.2	0.00000241
393.4	0.00000020
393.6	0.00000009
393.8	0.00000006
394.0	0.00000006
394.2	0.00000006
394.4	0.00000007
394.6	0.00000011
394.8	0.00000024
395.0	0.00000115
395.2	0.00000754
395.4	0.00000032
395.6	0.00000009
395.8	0.00000004
396.0	0.00000003
396.2	0.00000002
396.4	0.00000001
396.6	0.00000001
396.8	0.00000001
397.0	0.00000001
397.2	0.00000001
397.4	0.00000001
397.6	0.00000001
397.8	0.00000002
398.0	0.00000003
398.2	0.00000005
398.4	0.00000015
398.6	0.00000258
398.8	0.00000061
399.0	0.00000011
399.2	0.00000005
399.4	0.00000003
399.6	0.00000002
399.8	0.00000002
400.0	0.00000002
400.2	0.00000002
400.4	0.00000002
400.6	0.00000002
400.8	0.00000003
401.0	0.00000005
401.2	0.00000010
401.4	0.00000026
401.6	0.00000167
401.8	0.00000924
402.0	0.00000062
402.2	0.00000024
402.4	0.00000015
402.6	0.00000012
402.8	0.00000011
403.0	0.00000013
403.2	0.00000016
403.4	0.00000026
403.6	0.00000057
403.8	0.00000280
404.0	0.00003156
404.2	0.00000113
404.4	0.00000036
404.6	0.00000018
404.8	0.00000012
405.0	0.00000009
405.2	0.00000008
405.4	0.00000007
405.6	0.00000007
405.8	0.00000007
406.0	0.00000008
406.2	0.00000010
406.4	0.00000012
406.6	0.00000017
406.8	0.00000025
407.0	0.00000042
407.2	0.00000080
407.4	0.00000191
407.6	0.00000697
407.8	0.00012800
408.0	0.00004671
408.2	0.00000984
408.4	0.00000530
408.6	0.00000404
408.8	0.00000376
409.0	0.00000404
409.2	0.00000492
409.4	0.00000671
409.6	0.00001033
409.8	0.00001833
410.0	0.00003915
410.2	0.00011169
410.4	0.00058600
410.6	0.03666908
410.8	0.00151182
411.0	0.00066804
411.2	0.00060954
411.4	0.00089516
411.6	0.00242270
411.8	0.02027216
412.0	0.00319816
412.2	0.00085664
412.4	0.00042993
412.6	0.00029417
412.8	0.00024655
413.0	0.00024233
413.2	0.00027492
413.4	0.00036099
413.6	0.00056144
413.8	0.00109194
414.0	0.00293562
414.2	0.00865366
414.4	0.00497737
414.6	0.00205921
414.8	0.00118386
415.0	0.00084470
415.2	0.00069727
415.4	0.00063973
415.6	0.00063709
415.8	0.00067858
416.0	0.00076595
416.2	0.00091138
416.4	0.00113684
416.6	0.00146926
416.8	0.00189845
417.0	0.00226412
417.2	0.00225424
417.4	0.00185310
417.6	0.00138739
417.8	0.00104232
418.0	0.00082566
418.2	0.00070291
418.4	0.00064834
418.6	0.00065103
418.8	0.00071581
419.0	0.00086756
419.2	0.00115691
419.4	0.00162218
419.6	0.00200124
419.8	0.00169083
420.0	0.00106660
420.2	0.00064983
420.4	0.00042589
420.6	0.00030528
420.8	0.00023790
421.0	0.00019966
421.2	0.00017918
421.4	0.00017100
421.6	0.00017294
421.8	0.00018501
422.0	0.00020922
422.2	0.00025009
422.4	0.00031608
422.6	0.00042150
422.8	0.00058925
423.0	0.00084625
423.2	0.00119481
423.4	0.00154632
423.6	0.00173860
423.8	0.00172663
424.0	0.00162218
424.2	0.00152721
424.4	0.00148457
424.6	0.00150418
424.8	0.00158745
425.0	0.00173700
425.2	0.00195930
425.4	0.00226621
425.6	0.00266809
425.8	0.00315791
426.0	0.00364250
426.2	0.00386545
426.4	0.00353509
426.6	0.00275994
426.8	0.00195614
427.0	0.00135425
427.2	0.00095808
427.4	0.00070632
427.6	0.00054563
427.8	0.00044188
428.0	0.00037428
428.2	0.00033045
428.4	0.00030290
428.6	0.00028701
428.8	0.00027958
429.0	0.00027823
429.2	0.00028100
429.4	0.00028589
429.6	0.00029121
429.8	0.00029573
430.0	0.00029895
430.2	0.00030165
430.4	0.00030507
430.6	0.00031103
430.8	0.00032100
431.0	0.00033589
431.2	0.00035539
431.4	0.00037696
431.6	0.00039464
431.8	0.00039985
432.0	0.00038566
432.2	0.00035278
432.4	0.00030946
432.6	0.00026589
432.8	0.00022840
433.0	0.00019930
433.2	0.00017848
433.4	0.00016508
433.6	0.00015834
433.8	0.00015780
434.0	0.00016379
434.2	0.00017730
434.4	0.00020063
434.6	0.00023774
434.8	0.00029573
435.0	0.00038637
435.2	0.00052796
435.4	0.00074216
435.6	0.00102660
435.8	0.00128736
436.0	0.00135738
436.2	0.00121927
436.4	0.00101485
436.6	0.00084101
436.8	0.00071829
437.0	0.00063915
437.2	0.00059306
437.4	0.00057266
437.6	0.00057398
437.8	0.00059580
438.0	0.00064032
438.2	0.00071269
438.4	0.00082319
438.6	0.00098969
438.8	0.00123339
439.0	0.00155453
439.2	0.00185909
439.4	0.00189977
439.6	0.00156567
439.8	0.00111276
440.0	0.00075875
440.2	0.00052869
440.4	0.00038557
440.6	0.00029587
440.8	0.00023884
441.0	0.00020230
441.2	0.00017947
441.4	0.00016653
441.6	0.00016147
441.8	0.00016368
442.0	0.00017358
442.2	0.00019302
442.4	0.00022563
442.6	0.00027823
442.8	0.00036283
443.0	0.00049900
443.2	0.00070958
443.4	0.00098062
443.6	0.00116950
443.8	0.00110484
444.0	0.00088288
444.2	0.00067515
444.4	0.00053125
444.6	0.00044106
444.8	0.00038824
445.0	0.00036199
445.2	0.00035662
445.4	0.00037051
445.6	0.00040588
445.8	0.00046903
446.0	0.00057293
446.2	0.00074216
446.4	0.00102306
446.6	0.00150176
446.8	0.00231900
447.0	0.00358096
447.2	0.00489215
447.4	0.00518084
447.6	0.00441977
447.8	0.00351722
448.0	0.00286286
448.2	0.00245414
448.4	0.00222075
448.6	0.00210911
448.8	0.00208545
449.0	0.00212912
449.2	0.00222792
449.4	0.00237629
449.6	0.00257395
449.8	0.00282748
450.0	0.00315500
450.2	0.00358757
450.4	0.00416582
450.6	0.00493060
450.8	0.00586678
451.0	0.00678110
451.2	0.00719449
451.4	0.00667575
451.6	0.00545632
451.8	0.00415815
452.0	0.00312896
452.2	0.00240713
452.4	0.00192132
452.6	0.00159993
452.8	0.00139123
453.0	0.00126183
453.2	0.00119316
453.4	0.00117436
453.6	0.00120226
453.8	0.00127968
454.0	0.00141514
454.2	0.00162443
454.4	0.00193019
454.6	0.00236102
454.8	0.00293833
455.0	0.00363831
455.2	0.00433112
455.4	0.00477309
455.6	0.00477529
455.8	0.00440149
456.0	0.00387347
456.2	0.00336667
456.4	0.00295597
456.6	0.00264972
456.8	0.00243781
457.0	0.00230356
457.2	0.00223563
457.4	0.00222690
457.6	0.00227300
457.8	0.00237411
458.0	0.00253163
458.2	0.00274600
458.4	0.00301093
458.6	0.00330141
458.8	0.00356369
459.0	0.00371535
459.2	0.00367705
459.4	0.00343163
459.6	0.00304439
459.8	0.00261638
460.0	0.00222177
460.2	0.00189540
460.4	0.00164210
460.6	0.00145445
460.8	0.00132160
461.0	0.00123396
461.2	0.00118386
461.4	0.00116574
461.6	0.00117625
461.8	0.00121143
462.0	0.00126707
462.2	0.00133598
462.4	0.00140605
462.6	0.00146117
462.8	0.00148423
463.0	0.00146555
463.2	0.00140734
463.4	0.00132373
463.6	0.00123282
463.8	0.00114948
464.0	0.00108343
464.2	0.00103992
464.4	0.00102212
464.6	0.00103276
464.8	0.00107622
465.0	0.00115931
465.2	0.00129360
465.4	0.00149830
465.6	0.00180177
465.8	0.00224750
466.0	0.00288802
466.2	0.00375578
466.4	0.00476760
466.6	0.00559629
466.8	0.00580898
467.0	0.00536290
467.2	0.00462807
467.4	0.00393459
467.6	0.00340330
467.8	0.00304229
468.0	0.00282488
468.2	0.00272772
468.4	0.00273527
468.6	0.00284119
468.8	0.00304579
469.0	0.00335429
469.2	0.00376704
469.4	0.00427169
469.6	0.00482170
469.8	0.00533458
470.0	0.00570033
470.2	0.00583445
470.4	0.00572664
470.6	0.00543876
470.8	0.00506174
471.0	0.00466445
471.2	0.00428845
471.4	0.00394821
471.6	0.00364502
471.8	0.00337598
472.0	0.00313690
472.2	0.00292550
472.4	0.00274284
472.6	0.00259000
472.8	0.00246945
473.0	0.00238451
473.2	0.00233830
473.4	0.00233292
473.6	0.00237301
473.8	0.00246150
474.0	0.00260196
474.2	0.00279319
474.4	0.00302691
474.6	0.00327491
474.8	0.00348578
475.0	0.00358592
475.2	0.00352046
475.4	0.00328625
475.6	0.00294374
475.8	0.00257276
476.0	0.00223152
476.2	0.00194760
476.4	0.00172584
476.6	0.00156279
476.8	0.00144977
477.0	0.00138134
477.2	0.00135238
477.4	0.00136176
477.6	0.00141026
477.8	0.00150245
478.0	0.00164551
478.2	0.00185097
478.4	0.00213403
478.6	0.00251015
478.8	0.00298745
479.0	0.00354977
479.2	0.00412857
479.4	0.00459198
479.6	0.00480286
479.8	0.00471411
480.0	0.00440251
480.2	0.00399853
480.4	0.00360496
480.6	0.00327190
480.8	0.00301370
481.0	0.00282944
481.2	0.00271206
481.4	0.00265277
481.6	0.00264667
481.8	0.00268968
482.0	0.00278035
482.2	0.00291676
482.4	0.00310099
482.6	0.00333426
482.8	0.00361743
483.0	0.00395003
483.2	0.00432713
483.4	0.00473369
483.6	0.00514280
483.8	0.00551061
484.0	0.00577830
484.2	0.00588708
484.4	0.00580363
484.6	0.00553988
484.8	0.00514399
485.0	0.00468705
485.2	0.00422961
485.4	0.00381417
485.6	0.00346099
485.8	0.00317834
486.0	0.00296347
486.2	0.00281384
486.4	0.00272333
486.6	0.00268906
486.8	0.00270832
487.0	0.00277779
487.2	0.00289534
487.4	0.00305492
487.6	0.00324265
487.8	0.00343321
488.0	0.00359005
488.2	0.00366944
488.4	0.00363831
488.6	0.00349140
488.8	0.00325687
489.0	0.00297852
489.2	0.00269898
489.4	0.00244794
489.6	0.00223872
489.8	0.00207635
490.0	0.00196065
490.2	0.00188973
490.4	0.00186166
490.6	0.00187715
490.8	0.00193821
491.0	0.00204975
491.2	0.00222024
491.4	0.00246150
491.6	0.00278869
491.8	0.00321662
492.0	0.00375319
492.2	0.00438026
492.4	0.00503037
492.6	0.00557057
492.8	0.00583848
493.0	0.00575175
493.2	0.00536290
493.4	0.00482059
493.6	0.00425991
493.8	0.00375924
494.0	0.00334657
494.2	0.00302413
494.4	0.00278099
494.6	0.00260615
494.8	0.00248943
495.0	0.00242214
495.2	0.00239994
495.4	0.00241936
495.6	0.00248085
495.8	0.00258523
496.0	0.00273590
496.2	0.00293833
496.4	0.00319890
496.6	0.00352452
496.8	0.00391652
497.0	0.00437019
497.2	0.00486071
497.4	0.00533581
497.6	0.00571084
497.8	0.00588708
498.0	0.00580363
498.2	0.00546890
498.4	0.00496821
498.6	0.00440555
498.8	0.00386278
499.0	0.00338688
499.2	0.00299226
499.4	0.00267855
499.6	0.00243837
499.8	0.00226204
500.0	0.00214092
500.2	0.00207157
500.4	0.00204409
500.6	0.00205779
500.8	0.00211495
501.0	0.00221871
501.2	0.00237629
501.4	0.00259717
501.6	0.00289068
501.8	0.00326663
502.0	0.00372477
502.2	0.00423838
502.4	0.00473696
502.6	0.00509800
502.8	0.00518800
503.0	0.00495336
503.2	0.00446992
503.4	0.00388240
503.6	0.00330902
503.8	0.00281320
504.0	0.00241046
504.2	0.00209556
504.4	0.00185353
504.6	0.00167148
504.8	0.00153709
505.0	0.00144112
505.2	0.00137784
505.4	0.00134276
505.6	0.00133321
505.8	0.00134865
506.0	0.00138931
506.2	0.00145714
506.4	0.00155597
506.6	0.00169083
506.8	0.00186810
507.0	0.00209604
507.2	0.00238342
507.4	0.00273527
507.6	0.00314847
507.8	0.00360081
508.0	0.00404110
508.2	0.00438430
508.4	0.00454569
508.6	0.00447816
508.8	0.00421114
509.0	0.00382560
509.2	0.00340565
509.4	0.00300746
509.6	0.00266073
509.8	0.00237247
510.0	0.00213993
510.2	0.00195704
510.4	0.00181677
510.6	0.00171277
510.8	0.00163983
511.0	0.00159441
511.2	0.00157398
511.4	0.00157797
511.6	0.00160583
511.8	0.00165806
512.0	0.00173660
512.2	0.00184417
512.4	0.00198335
512.6	0.00215725
512.8	0.00236701
513.0	0.00261276
513.2	0.00288536
513.4	0.00316957
513.6	0.00343558
513.8	0.00364670
514.0	0.00376357
514.2	0.00376530
514.4	0.00365595
514.6	0.00346258
514.8	0.00322329
515.0	0.00297372
515.2	0.00273653
515.4	0.00252755
515.6	0.00235126
515.8	0.00220902
516.0	0.00209846
516.2	0.00201744
516.4	0.00196200
516.6	0.00192797
516.8	0.00191205
517.0	0.00190810
517.2	0.00191029
517.4	0.00190985
517.6	0.00189671
517.8	0.00186037
518.0	0.00179184
518.2	0.00168733
518.4	0.00154989
518.6	0.00138899
518.8	0.00121843
519.0	0.00105051
519.2	0.00089475
519.4	0.00075666
519.6	0.00063797
519.8	0.00053765
520.0	0.00045426
520.2	0.00038512
520.4	0.00032802
520.6	0.00028087
520.8	0.00024182
521.0	0.00020936
521.2	0.00018226
521.4	0.00015951
521.6	0.00014035
521.8	0.00012411
522.0	0.00011028
522.2	0.00009847
522.4	0.00008831
522.6	0.00007952
522.8	0.00007191
523.0	0.00006530
523.2	0.00005951
523.4	0.00005444
523.6	0.00004998
523.8	0.00004606
524.0	0.00004259
524.2	0.00003951
524.4	0.00003679
524.6	0.00003437
524.8	0.00003223
525.0	0.00003032
525.2	0.00002864
525.4	0.00002715
525.6	0.00002583
525.8	0.00002468
526.0	0.00002368
526.2	0.00002280
526.4	0.00002206
526.6	0.00002143
526.8	0.00002091
527.0	0.00002049
527.2	0.00002017
527.4	0.00001993
527.6	0.00001979
527.8	0.00001973
528.0	0.00001976
528.2	0.00001986
528.4	0.00002004
528.6	0.00002029
528.8	0.00002061
529.0	0.00002099
529.2	0.00002144
529.4	0.00002195
529.6	0.00002252
529.8	0.00002314
530.0	0.00002380
530.2	0.00002451
530.4	0.00002526
530.6	0.00002605
530.8	0.00002687
531.0	0.00002773
531.2	0.00002864
531.4	0.00002958
531.6	0.00003057
531.8	0.00003162
532.0	0.00003274
532.2	0.00003393
532.4	0.00003521
532.6	0.00003659
532.8	0.00003808
533.0	0.00003968
533.2	0.00004141
533.4	0.00004326
533.6	0.00004524
533.8	0.00004733
534.0	0.00004951
534.2	0.00005178
534.4	0.00005409
534.6	0.00005640
534.8	0.00005868
535.0	0.00006086
535.2	0.00006288
535.4	0.00006468
535.6	0.00006625
535.8	0.00006751
536.0	0.00006849
536.2	0.00006910
536.4	0.00006941
536.6	0.00006941
536.8	0.00006912
537.0	0.00006856
537.2	0.00006780
537.4	0.00006685
537.6	0.00006575
537.8	0.00006454
538.0	0.00006323
538.2	0.00006186
538.4	0.00006044
538.6	0.00005899
538.8	0.00005756
539.0	0.00005610
539.2	0.00005468
539.4	0.00005326
539.6	0.00005188
539.8	0.00005054
540.0	0.00004923
540.2	0.00004796
540.4	0.00004674
540.6	0.00004556
540.8	0.00004443
541.0	0.00004334
541.2	0.00004231
541.4	0.00004130
541.6	0.00004036
541.8	0.00003945
542.0	0.00003859
542.2	0.00003777
542.4	0.00003700
542.6	0.00003627
542.8	0.00003557
543.0	0.00003491
543.2	0.00003429
543.4	0.00003371
543.6	0.00003317
543.8	0.00003265
544.0	0.00003217
544.2	0.00003172
544.4	0.00003131
544.6	0.00003092
544.8	0.00003056
545.0	0.00003021
545.2	0.00002990
545.4	0.00002960
545.6	0.00002932
545.8	0.00002907
546.0	0.00002883
546.2	0.00002860
546.4	0.00002840
546.6	0.00002820
546.8	0.00002803
547.0	0.00002787
547.2	0.00002771
547.4	0.00002758
547.6	0.00002746
547.8	0.00002735
548.0	0.00002725
548.2	0.00002717
548.4	0.00002710
548.6	0.00002705
548.8	0.00002700
549.0	0.00002697
549.2	0.00002695
549.4	0.00002695
549.6	0.00002696
549.8	0.00002698
550.0	0.00002701
550.2	0.00002706
550.4	0.00002713
550.6	0.00002721
550.8	0.00002730
551.0	0.00002740
551.2	0.00002753
551.4	0.00002767
551.6	0.00002782
551.8	0.00002799
552.0	0.00002818
552.2	0.00002839
552.4	0.00002861
552.6	0.00002885
552.8	0.00002911
553.0	0.00002940
553.2	0.00002970
553.4	0.00003003
553.6	0.00003037
553.8	0.00003074
554.0	0.00003113
554.2	0.00003155
554.4	0.00003199
554.6	0.00003246
554.8	0.00003295
555.0	0.00003347
555.2	0.00003402
555.4	0.00003459
555.6	0.00003520
555.8	0.00003583
556.0	0.00003651
556.2	0.00003721
556.4	0.00003795
556.6	0.00003873
556.8	0.00003954
557.0	0.00004039
557.2	0.00004130
557.4	0.00004224
557.6	0.00004322
557.8	0.00004426
558.0	0.00004535
558.2	0.00004649
558.4	0.00004770
558.6	0.00004896
558.8	0.00005028
559.0	0.00005168
559.2	0.00005315
559.4	0.00005469
559.6	0.00005631
559.8	0.00005801
560.0	0.00005981
560.2	0.00006170
560.4	0.00006369
560.6	0.00006580
560.8	0.00006800
561.0	0.00007034
561.2	0.00007279
561.4	0.00007539
561.6	0.00007814
561.8	0.00008104
562.0	0.00008410
562.2	0.00008734
562.4	0.00009076
562.6	0.00009441
562.8	0.00009824
563.0	0.00010231
563.2	0.00010664
563.4	0.00011122
563.6	0.00011609
563.8	0.00012126
564.0	0.00012677
564.2	0.00013262
564.4	0.00013884
564.6	0.00014548
564.8	0.00015255
565.0	0.00016010
565.2	0.00016815
565.4	0.00017677
565.6	0.00018595
565.8	0.00019579
566.0	0.00020630
566.2	0.00021762
566.4	0.00022972
566.6	0.00024266
566.8	0.00025663
567.0	0.00027158
567.2	0.00028774
567.4	0.00030507
567.6	0.00032382
567.8	0.00034395
568.0	0.00036576
568.2	0.00038931
568.4	0.00041476
568.6	0.00044238
568.8	0.00047228
569.0	0.00050466
569.2	0.00054001
569.4	0.00057823
569.6	0.00062001
569.8	0.00066543
570.0	0.00071515
570.2	0.00076931
570.4	0.00082851
570.6	0.00089351
570.8	0.00096450
571.0	0.00104256
571.2	0.00112850
571.4	0.00122293
571.6	0.00132709
571.8	0.00144178
572.0	0.00156892
572.2	0.00170923
572.4	0.00186509
572.6	0.00203798
572.8	0.00222998
573.0	0.00244456
573.2	0.00268287
573.4	0.00294985
573.6	0.00324863
573.8	0.00358344
574.0	0.00396004
574.2	0.00438329
574.4	0.00486071
574.6	0.00540008
574.8	0.00601174
575.0	0.00670502
575.2	0.00749204
575.4	0.00839073
575.6	0.00941673
575.8	0.01059010
576.0	0.01193988
576.2	0.01348963
576.4	0.01527918
576.6	0.01735002
576.8	0.01975604
577.0	0.02254758
577.2	0.02581071
577.4	0.02963466
577.6	0.03411929
577.8	0.03940942
578.0	0.04566674
578.2	0.05310067
578.4	0.06195837
578.6	0.07256046
578.8	0.08529037
579.0	0.10066998
579.2	0.11931636
579.4	0.14206922
579.6	0.16990259
579.8	0.20417379
580.0	0.24666072
580.2	0.29957116
580.4	0.36593167
580.6	0.44967630
580.8	0.55616032
581.0	0.69262793
581.2	0.86856035
581.4	1.09774129
581.6	1.39862086
581.8	1.79762873
582.0	2.33130986
582.2	3.05210872
582.4	4.03645393
582.6	5.39138070
582.8	7.27277246
583.0	9.90147739
583.2	13.58313447
583.4	18.70682140
583.6	25.72764295
583.8	35.01869841
584.0	46.59078201
584.2	59.75854297
584.4	72.91216600
584.6	84.08141272
584.8	91.96021967
585.0	96.36071193
585.2	98.12959355
585.4	98.28788730
585.6	97.76873590
585.8	97.07334612
586.0	96.56060985
586.2	96.31634640
586.4	96.33852661
586.6	96.62733460
586.8	97.02865248
587.0	97.52141632
587.2	97.99411611
587.4	98.40111058
587.6	98.69610187
587.8	98.85530947
588.0	98.90084450
588.2	98.85530947
588.4	98.76430228
588.6	98.62794856
588.8	98.51446428
589.0	98.40111058
589.2	98.33316097
589.4	98.31052153
589.6	98.31052153
589.8	98.28788730
590.0	98.26525828
590.2	98.19740249
590.4	98.03925446
590.6	97.81377043
590.8	97.49896377
591.0	97.16279516
591.2	96.80549277
591.4	96.51615229
591.6	96.36071193
591.8	96.38290236
592.0	96.67184338
592.2	97.18517029
592.4	97.83629548
592.6	98.40111058
592.8	98.42377088
593.0	97.20755058
593.2	93.82098756
593.4	87.47823260
593.6	77.94710682
593.8	65.99332343
594.0	53.23533606
594.2	41.27622774
594.4	31.13866577
594.6	23.13662460
594.8	17.08834486
595.0	12.62990256
595.2	9.38209876
595.4	7.02101660
595.6	5.30029449
595.8	4.03831321
596.0	3.10527452
596.2	2.40990543
596.4	1.88668762
596.6	1.48970406
596.8	1.18576875
597.0	0.95104266
597.2	0.76806858
597.4	0.62459715
597.6	0.51109308
597.8	0.42082352
598.0	0.34849777
598.2	0.29006812
598.4	0.24277278
598.6	0.20412679
598.8	0.17242491
599.0	0.14628507
599.2	0.12465221
599.4	0.10663506
599.6	0.09155878
599.8	0.07890418
600.0	0.06824958
600.2	0.05927888
600.4	0.05165353
600.6	0.04514400
600.8	0.03957309
601.0	0.03478564
601.2	0.03066197
601.4	0.02709568
601.6	0.02401043
601.8	0.02132554
602.0	0.01898891
602.2	0.01694338
602.4	0.01515305
602.6	0.01358313
602.8	0.01219832
603.0	0.01097741
603.2	0.00989920
603.4	0.00894335
603.6	0.00809469
603.8	0.00734007
604.0	0.00666807
604.2	0.00606736
604.4	0.00552968
604.6	0.00504778
604.8	0.00461530
605.0	0.00422571
605.2	0.00387525
605.4	0.00355959
605.6	0.00327341
605.8	0.00301509
606.0	0.00278099
606.2	0.00256803
606.4	0.00237465
606.6	0.00219837
606.8	0.00203798
607.0	0.00189147
607.2	0.00175792
607.4	0.00163531
607.6	0.00152300
607.8	0.00142037
608.0	0.00132587
608.2	0.00123880
608.4	0.00115878
608.6	0.00108518
608.8	0.00101719
609.0	0.00095433
609.2	0.00089640
609.4	0.00084275
609.6	0.00079305
609.8	0.00074696
610.0	0.00070421
610.2	0.00066435
610.4	0.00062748
610.6	0.00059306
610.8	0.00056105
611.0	0.00053125
611.2	0.00050338
611.4	0.00047731
611.6	0.00045300
611.8	0.00043033
612.0	0.00040898
612.2	0.00038905
612.4	0.00037034
612.6	0.00035286
612.8	0.00033636
613.0	0.00032092
613.2	0.00030634
613.4	0.00029268
613.6	0.00027983
613.8	0.00026767
614.0	0.00025621
614.2	0.00024547
614.4	0.00023529
614.6	0.00022563
614.8	0.00021657
615.0	0.00020797
615.2	0.00019985
615.4	0.00019218
615.6	0.00018488
615.8	0.00017799
616.0	0.00017147
616.2	0.00016527
616.4	0.00015940
616.6	0.00015382
616.8	0.00014853
617.0	0.00014348
617.2	0.00013871
617.4	0.00013418
617.6	0.00012987
617.8	0.00012575
618.0	0.00012181
618.2	0.00011809
618.4	0.00011455
618.6	0.00011115
618.8	0.00010792
619.0	0.00010486
619.2	0.00010191
619.4	0.00009911
619.6	0.00009641
619.8	0.00009384
620.0	0.00009141
620.2	0.00008906
620.4	0.00008682
620.6	0.00008468
620.8	0.00008262
621.0	0.00008065
621.2	0.00007878
621.4	0.00007697
621.6	0.00007523
621.8	0.00007357
622.0	0.00007199
622.2	0.00007045
622.4	0.00006899
622.6	0.00006759
622.8	0.00006624
623.0	0.00006495
623.2	0.00006369
623.4	0.00006250
623.6	0.00006136
623.8	0.00006026
624.0	0.00005920
624.2	0.00005817
624.4	0.00005720
624.6	0.00005626
624.8	0.00005535
625.0	0.00005449
625.2	0.00005364
625.4	0.00005284
625.6	0.00005207
625.8	0.00005133
626.0	0.00005062
626.2	0.00004993
626.4	0.00004928
626.6	0.00004865
626.8	0.00004805
627.0	0.00004747
627.2	0.00004691
627.4	0.00004639
627.6	0.00004588
627.8	0.00004538
628.0	0.00004492
628.2	0.00004447
628.4	0.00004405
628.6	0.00004364
628.8	0.00004326
629.0	0.00004288
629.2	0.00004254
629.4	0.00004221
629.6	0.00004189
629.8	0.00004159
630.0	0.00004130
630.2	0.00004104
630.4	0.00004078
630.6	0.00004054
630.8	0.00004032
631.0	0.00004011
631.2	0.00003991
631.4	0.00003973
631.6	0.00003955
631.8	0.00003940
632.0	0.00003926
632.2	0.00003912
632.4	0.00003900
632.6	0.00003890
632.8	0.00003880
633.0	0.00003871
633.2	0.00003862
633.4	0.00003854
633.6	0.00003847
633.8	0.00003841
634.0	0.00003836
634.2	0.00003832
634.4	0.00003829
634.6	0.00003827
634.8	0.00003826
635.0	0.00003826
635.2	0.00003827
635.4	0.00003829
635.6	0.00003832
635.8	0.00003836
636.0	0.00003841
636.2	0.00003847
636.4	0.00003854
636.6	0.00003862
636.8	0.00003871
637.0	0.00003881
637.2	0.00003892
637.4	0.00003904
637.6	0.00003917
637.8	0.00003932
638.0	0.00003947
638.2	0.00003964
638.4	0.00003981
638.6	0.00004000
638.8	0.00004021
639.0	0.00004042
639.2	0.00004065
639.4	0.00004090
639.6	0.00004115
639.8	0.00004142
640.0	0.00004171
640.2	0.00004200
640.4	0.00004233
640.6	0.00004265
640.8	0.00004300
641.0	0.00004336
641.2	0.00004374
641.4	0.00004414
641.6	0.00004456
641.8	0.00004499
642.0	0.00004545
642.2	0.00004591
642.4	0.00004641
642.6	0.00004691
642.8	0.00004745
643.0	0.00004800
643.2	0.00004857
643.4	0.00004917
643.6	0.00004979
643.8	0.00005042
644.0	0.00005109
644.2	0.00005177
644.4	0.00005248
644.6	0.00005321
644.8	0.00005398
645.0	0.00005476
645.2	0.00005558
645.4	0.00005642
645.6	0.00005728
645.8	0.00005818
646.0	0.00005910
646.2	0.00006006
646.4	0.00006104
646.6	0.00006206
646.8	0.00006310
647.0	0.00006418
647.2	0.00006528
647.4	0.00006644
647.6	0.00006762
647.8	0.00006883
648.0	0.00007008
648.2	0.00007138
648.4	0.00007271
648.6	0.00007408
648.8	0.00007549
649.0	0.00007695
649.2	0.00007845
649.4	0.00008000
649.6	0.00008160
649.8	0.00008325
650.0	0.00008496
650.2	0.00008670
650.4	0.00008851
650.6	0.00009036
650.8	0.00009230
651.0	0.00009428
651.2	0.00009629
651.4	0.00009840
651.6	0.00010055
651.8	0.00010275
652.0	0.00010503
652.2	0.00010737
652.4	0.00010975
652.6	0.00011220
652.8	0.00011471
653.0	0.00011725
653.2	0.00011984
653.4	0.00012249
653.6	0.00012517
653.8	0.00012788
654.0	0.00013062
654.2	0.00013338
654.4	0.00013614
654.6	0.00013893
654.8	0.00014174
655.0	0.00014454
655.2	0.00014730
655.4	0.00015007
655.6	0.00015283
655.8	0.00015552
656.0	0.00015820
656.2	0.00016084
656.4	0.00016342
656.6	0.00016592
656.8	0.00016834
657.0	0.00017073
657.2	0.00017302
657.4	0.00017523
657.6	0.00017730
657.8	0.00017931
658.0	0.00018122
658.2	0.00018298
658.4	0.00018463
658.6	0.00018612
658.8	0.00018750
659.0	0.00018871
659.2	0.00018980
659.4	0.00019077
659.6	0.00019151
659.8	0.00019213
660.0	0.00019262
660.2	0.00019289
660.4	0.00019302
660.6	0.00019297
660.8	0.00019280
661.0	0.00019244
661.2	0.00019196
661.4	0.00019129
661.6	0.00019050
661.8	0.00018958
662.0	0.00018854
662.2	0.00018737
662.4	0.00018608
662.6	0.00018471
662.8	0.00018323
663.0	0.00018164
663.2	0.00018001
663.4	0.00017828
663.6	0.00017652
663.8	0.00017470
664.0	0.00017282
664.2	0.00017092
664.4	0.00016897
664.6	0.00016703
664.8	0.00016504
665.0	0.00016304
665.2	0.00016103
665.4	0.00015904
665.6	0.00015704
665.8	0.00015506
666.0	0.00015307
666.2	0.00015111
666.4	0.00014918
666.6	0.00014730
666.8	0.00014541
667.0	0.00014358
667.2	0.00014178
667.4	0.00014002
667.6	0.00013832
667.8	0.00013668
668.0	0.00013508
668.2	0.00013354
668.4	0.00013207
668.6	0.00013068
668.8	0.00012933
669.0	0.00012809
669.2	0.00012694
669.4	0.00012586
669.6	0.00012485
669.8	0.00012397
670.0	0.00012317
670.2	0.00012249
670.4	0.00012190
670.6	0.00012145
670.8	0.00012109
671.0	0.00012086
671.2	0.00012078
671.4	0.00012084
671.6	0.00012103
671.8	0.00012137
672.0	0.00012184
672.2	0.00012252
672.4	0.00012334
672.6	0.00012434
672.8	0.00012555
673.0	0.00012694
673.2	0.00012856
673.4	0.00013041
673.6	0.00013250
673.8	0.00013483
674.0	0.00013747
674.2	0.00014038
674.4	0.00014362
674.6	0.00014716
674.8	0.00015111
675.0	0.00015542
675.2	0.00016018
675.4	0.00016539
675.6	0.00017112
675.8	0.00017738
676.0	0.00018420
676.2	0.00019169
676.4	0.00019989
676.6	0.00020888
676.8	0.00021873
677.0	0.00022946
677.2	0.00024127
677.4	0.00025416
677.6	0.00026835
677.8	0.00028386
678.0	0.00030088
678.2	0.00031960
678.4	0.00034017
678.6	0.00036274
678.8	0.00038753
679.0	0.00041476
679.2	0.00044463
679.4	0.00047753
679.6	0.00051345
679.8	0.00055284
680.0	0.00059594
680.2	0.00064284
680.4	0.00069375
680.6	0.00074886
680.8	0.00080816
681.0	0.00087157
681.2	0.00093843
681.4	0.00100879
681.6	0.00108193
681.8	0.00115638
682.0	0.00123140
682.2	0.00130557
682.4	0.00137721
682.6	0.00144477
682.8	0.00150661
683.0	0.00156171
683.2	0.00160879
683.4	0.00164702
683.6	0.00167610
683.8	0.00169668
684.0	0.00170883
684.2	0.00171396
684.4	0.00171277
684.6	0.00170687
684.8	0.00169746
685.0	0.00168539
685.2	0.00167186
685.4	0.00165844
685.6	0.00164551
685.8	0.00163380
686.0	0.00162443
686.2	0.00161734
686.4	0.00161324
686.6	0.00161287
686.8	0.00161622
687.0	0.00162330
687.2	0.00163531
687.4	0.00165158
687.6	0.00167302
687.8	0.00169942
688.0	0.00173181
688.2	0.00177011
688.4	0.00181468
688.6	0.00186552
688.8	0.00192398
689.0	0.00199022
689.2	0.00206490
689.4	0.00214783
689.6	0.00224027
689.8	0.00234315
690.0	0.00245641
690.2	0.00258048
690.4	0.00271706
690.6	0.00286550
690.8	0.00302691
691.0	0.00320111
691.2	0.00338766
691.4	0.00358674
691.6	0.00379752
691.8	0.00401791
692.0	0.00424620
692.2	0.00448023
692.4	0.00471520
692.6	0.00494652
692.8	0.00517011
693.0	0.00537898
693.2	0.00556929
693.4	0.00573192
693.6	0.00586273
693.8	0.00595662
694.0	0.00600897
694.2	0.00602005
694.4	0.00598549
694.6	0.00591017
694.8	0.00579562
695.0	0.00564677
695.2	0.00546764
695.4	0.00526502
695.6	0.00504429
695.8	0.00481172
696.0	0.00457299
696.2	0.00433212
696.4	0.00409355
696.6	0.00386011
696.8	0.00363496
697.0	0.00342058
697.2	0.00321662
697.4	0.00302482
697.6	0.00284577
697.8	0.00267917
698.0	0.00252522
698.2	0.00238342
698.4	0.00225320
698.6	0.00213403
698.8	0.00202535
699.0	0.00192619
699.2	0.00183654
699.4	0.00175590
699.6	0.00168267
699.8	0.00161734
700.0	0.00155919
700.2	0.00150730
700.4	0.00146150
700.6	0.00142167
700.8	0.00138739
701.0	0.00135831
701.2	0.00133383
701.4	0.00131432
701.6	0.00129927
701.8	0.00128855
702.0	0.00128233
702.2	0.00128027
702.4	0.00128263
702.6	0.00128884
702.8	0.00129957
703.0	0.00131462
703.2	0.00133383
703.4	0.00135769
703.6	0.00138580
703.8	0.00141873
704.0	0.00145646
704.2	0.00149899
704.4	0.00154632
704.6	0.00159882
704.8	0.00165577
705.0	0.00171751
705.2	0.00178402
705.4	0.00185396
705.6	0.00192752
705.8	0.00200355
706.0	0.00208113
706.2	0.00215924
706.4	0.00223563
706.6	0.00230940
706.8	0.00237903
707.0	0.00244174
707.2	0.00249747
707.4	0.00254331
707.6	0.00257929
707.8	0.00260495
708.0	0.00261939
708.2	0.00262361
708.4	0.00261818
708.6	0.00260495
708.8	0.00258404
709.0	0.00255859
709.2	0.00252872
709.4	0.00249632
709.6	0.00246320
709.8	0.00243052
710.0	0.00239939
710.2	0.00237028
710.4	0.00234423
710.6	0.00232220
710.8	0.00230356
711.0	0.00228981
711.2	0.00228034
711.4	0.00227562
711.6	0.00227615
711.8	0.00228087
712.0	0.00229087
712.2	0.00230515
712.4	0.00232434
712.6	0.00234693
712.8	0.00237411
713.0	0.00240436
713.2	0.00243725
713.4	0.00247229
713.6	0.00250900
713.8	0.00254683
714.0	0.00258404
714.2	0.00262060
714.4	0.00265522
714.6	0.00268658
714.8	0.00271456
715.0	0.00273779
715.2	0.00275677
715.4	0.00276949
715.6	0.00277651
715.8	0.00277779
716.0	0.00277396
716.2	0.00276439
716.4	0.00275106
716.6	0.00273338
716.8	0.00271269
717.0	0.00269030
717.2	0.00266686
717.4	0.00264302
717.6	0.00261999
717.8	0.00259836
718.0	0.00257810
718.2	0.00256035
718.4	0.00254624
718.6	0.00253454
718.8	0.00252697
719.0	0.00252290
719.2	0.00252232
719.4	0.00252522
719.6	0.00253163
719.8	0.00254156
720.0	0.00255388
720.2	0.00256803
720.4	0.00258404
720.6	0.00260076
720.8	0.00261638
721.0	0.00263087
721.2	0.00264241
721.4	0.00264972
721.6	0.00265155
721.8	0.00264728
722.0	0.00263512
722.2	0.00261457
722.4	0.00258523
722.6	0.00254683
722.8	0.00249977
723.0	0.00244399
723.2	0.00238177
723.4	0.00231313
723.6	0.00223975
723.8	0.00216322
724.0	0.00208497
724.2	0.00200632
724.4	0.00192886
724.6	0.00185310
724.8	0.00178033
725.0	0.00171080
725.2	0.00164551
725.4	0.00158453
725.6	0.00152827
725.8	0.00147639
726.0	0.00142955
726.2	0.00138739
726.4	0.00135021
726.6	0.00131735
726.8	0.00128914
727.0	0.00126532
727.2	0.00124595
727.4	0.00123084
727.6	0.00122011
727.8	0.00121367
728.0	0.00121143
728.2	0.00121367
728.4	0.00122011
728.6	0.00123112
728.8	0.00124710
729.0	0.00126765
729.2	0.00129360
729.4	0.00132495
729.6	0.00136239
729.8	0.00140637
730.0	0.00145714
730.2	0.00151565
730.4	0.00158234
730.6	0.00165806
730.8	0.00174381
731.0	0.00184035
731.2	0.00194895
731.4	0.00207062
731.6	0.00220597
731.8	0.00235668
732.0	0.00252348
732.2	0.00270645
732.4	0.00290670
732.6	0.00312176
732.8	0.00335120
733.0	0.00359253
733.2	0.00383972
733.4	0.00408884
733.6	0.00433112
733.8	0.00455722
734.0	0.00475883
734.2	0.00492606
734.4	0.00505243
734.6	0.00513216
734.8	0.00516297
735.0	0.00514754
735.2	0.00509096
735.4	0.00499689
735.6	0.00487641
735.8	0.00473587
736.0	0.00458353
736.2	0.00442486
736.4	0.00426580
736.6	0.00411055
736.8	0.00396187
737.0	0.00382120
737.2	0.00369063
737.4	0.00357108
737.6	0.00346178
737.8	0.00336357
738.0	0.00327567
738.2	0.00319742
738.4	0.00312896
738.6	0.00306902
738.8	0.00301787
739.0	0.00297372
739.2	0.00293765
739.4	0.00290804
739.6	0.00288470
739.8	0.00286748
740.0	0.00285562
740.2	0.00284839
740.4	0.00284577
740.6	0.00284774
740.8	0.00285365
741.0	0.00286286
741.2	0.00287607
741.4	0.00289135
741.6	0.00291005
741.8	0.00293089
742.0	0.00295393
742.2	0.00297852
742.4	0.00300469
742.6	0.00303180
742.8	0.00305914
743.0	0.00308674
743.2	0.00311387
743.4	0.00313979
743.6	0.00316301
743.8	0.00318420
744.0	0.00320111
744.2	0.00321366
744.4	0.00322033
744.6	0.00321959
744.8	0.00321070
745.0	0.00319301
745.2	0.00316519
745.4	0.00312680
745.6	0.00307751
745.8	0.00301648
746.0	0.00294510
746.2	0.00286286
746.4	0.00277141
746.6	0.00267178
746.8	0.00256507
747.0	0.00245414
747.2	0.00233991
747.4	0.00222433
747.6	0.00210863
747.8	0.00199480
748.0	0.00188365
748.2	0.00177664
748.4	0.00167379
748.6	0.00157616
748.8	0.00148423
749.0	0.00139766
749.2	0.00131704
749.4	0.00124222
749.6	0.00117274
749.8	0.00110866
750.0	0.00104978
750.2	0.00099563
750.4	0.00094602
750.6	0.00090074
750.8	0.00085921
751.0	0.00082167
751.2	0.00078741
751.4	0.00075631
751.6	0.00072812
751.8	0.00070275
752.0	0.00067999
752.2	0.00065963
752.4	0.00064136
752.6	0.00062532
752.8	0.00061122
753.0	0.00059883
753.2	0.00058830
753.4	0.00057956
753.6	0.00057227
753.8	0.00056650
754.0	0.00056234
754.2	0.00055963
754.4	0.00055821
754.6	0.00055834
754.8	0.00055989
755.0	0.00056286
755.2	0.00056728
755.4	0.00057306
755.6	0.00058050
755.8	0.00058939
756.0	0.00059993
756.2	0.00061207
756.4	0.00062604
756.6	0.00064180
756.8	0.00065948
757.0	0.00067920
757.2	0.00070113
757.4	0.00072544
757.6	0.00075214
757.8	0.00078163
758.0	0.00081395
758.2	0.00084918
758.4	0.00088756
758.6	0.00092961
758.8	0.00097521
759.0	0.00102494
759.2	0.00107870
759.4	0.00113710
759.6	0.00120005
759.8	0.00126794
760.0	0.00134091
760.2	0.00141938
760.4	0.00150314
760.6	0.00159258
760.8	0.00168772
761.0	0.00178813
761.2	0.00189409
761.4	0.00200493
761.6	0.00212031
761.8	0.00223975
762.0	0.00236265
762.2	0.00248714
762.4	0.00261276
762.6	0.00273779
762.8	0.00286088
763.0	0.00297989
763.2	0.00309314
763.4	0.00319890
763.6	0.00329458
763.8	0.00337909
764.0	0.00345064
764.2	0.00350833
764.4	0.00354977
764.6	0.00357602
764.8	0.00358592
765.0	0.00357932
765.2	0.00355795
765.4	0.00352209
765.6	0.00347296
765.8	0.00341271
766.0	0.00334272
766.2	0.00326513
766.4	0.00318127
766.6	0.00309386
766.8	0.00300331
767.0	0.00291206
767.2	0.00282033
767.4	0.00273086
767.6	0.00264363
767.8	0.00255976
768.0	0.00247970
768.2	0.00240436
768.4	0.00233346
768.6	0.00226778
768.8	0.00220800
769.0	0.00215328
769.2	0.00210426
769.4	0.00206110
769.6	0.00202349
769.8	0.00199159
770.0	0.00196562
770.2	0.00194581
770.4	0.00193197
770.6	0.00192442
770.8	0.00192353
771.0	0.00192886
771.2	0.00194133
771.4	0.00196110
771.6	0.00198838
771.8	0.00202442
772.0	0.00206919
772.2	0.00212422
772.4	0.00218978
772.6	0.00226725
772.8	0.00235831
773.0	0.00246377
773.2	0.00258583
773.4	0.00272647
773.6	0.00288735
773.8	0.00307185
774.0	0.00328095
774.2	0.00351722
774.4	0.00378181
774.6	0.00407568
774.8	0.00439643
775.0	0.00473915
775.2	0.00509331
775.4	0.00544503
775.6	0.00577165
775.8	0.00604644
776.0	0.00623878
776.2	0.00632412
776.4	0.00628492
776.6	0.00612068
776.8	0.00584655
777.0	0.00548909
777.2	0.00508042
777.4	0.00465050
777.6	0.00422474
777.8	0.00382032
778.0	0.00344588
778.2	0.00310742
778.4	0.00280608
778.6	0.00253922
778.8	0.00230569
779.0	0.00210087
779.2	0.00192265
779.4	0.00176685
779.6	0.00163080
779.8	0.00151217
780.0	0.00140864
780.2	0.00131795
780.4	0.00123851
780.6	0.00116869
780.8	0.00110764
781.0	0.00105414
781.2	0.00100740
781.4	0.00096627
781.6	0.00093046
781.8	0.00089950
782.0	0.00087257
782.2	0.00084957
782.4	0.00083004
782.6	0.00081395
782.8	0.00080057
783.0	0.00079031
783.2	0.00078253
783.4	0.00077732
783.6	0.00077446
783.8	0.00077411
784.0	0.00077607
784.2	0.00078037
784.4	0.00078705
784.6	0.00079598
784.8	0.00080724
785.0	0.00082092
785.2	0.00083734
785.4	0.00085625
785.6	0.00087781
785.8	0.00090240
786.0	0.00092982
786.2	0.00096073
786.4	0.00099495
786.6	0.00103276
786.8	0.00107448
787.0	0.00112047
787.2	0.00117085
787.4	0.00122603
787.6	0.00128647
787.8	0.00135207
788.0	0.00142364
788.2	0.00150141
788.4	0.00158599
788.6	0.00167687
788.8	0.00177542
789.0	0.00188105
789.2	0.00199480
789.4	0.00211592
789.6	0.00224543
789.8	0.00238287
790.0	0.00252755
790.2	0.00267917
790.4	0.00283792
790.6	0.00300262
790.8	0.00317103
791.0	0.00334349
791.2	0.00351722
791.4	0.00368978
791.6	0.00386100
791.8	0.00402624
792.0	0.00418408
792.2	0.00433212
792.4	0.00446684
792.6	0.00458670
792.8	0.00468813
793.0	0.00476980
793.2	0.00483059
793.4	0.00486968
793.6	0.00488540
793.8	0.00487753
794.0	0.00484730
794.2	0.00479623
794.4	0.00472498
794.6	0.00463554
794.8	0.00453106
795.0	0.00441367
795.2	0.00428549
795.4	0.00414954
795.6	0.00400867
795.8	0.00386456
796.0	0.00371878
796.2	0.00357437
796.4	0.00343163
796.6	0.00329306
796.8	0.00315937
797.0	0.00303180
797.2	0.00291005
797.4	0.00279512
797.6	0.00268720
797.8	0.00258643
798.0	0.00249287
798.2	0.00240658
798.4	0.00232756
798.6	0.00225528
798.8	0.00218978
799.0	0.00213157
799.2	0.00207922
799.4	0.00203376
799.6	0.00199434
799.8	0.00196110
800.0	0.00193419
800.2	0.00191293
800.4	0.00189802
800.6	0.00188886
800.8	0.00188582
801.0	0.00188930
801.2	0.00189889
801.4	0.00191558
801.6	0.00193910
801.8	0.00197061
802.0	0.00200956
802.2	0.00205731
802.4	0.00211446
802.6	0.00218172
802.8	0.00226048
803.0	0.00235126
803.2	0.00245584
803.4	0.00257573
803.6	0.00271269
803.8	0.00286748
804.0	0.00304299
804.2	0.00324041
804.4	0.00346099
804.6	0.00370595
804.8	0.00397466
805.0	0.00426481
805.2	0.00457299
805.4	0.00489103
805.6	0.00520595
805.8	0.00550301
806.0	0.00575838
806.2	0.00595114
806.4	0.00606038
806.6	0.00607016
806.8	0.00597585
807.0	0.00578362
807.2	0.00550808
807.4	0.00517369
807.6	0.00480618
807.8	0.00442486
808.0	0.00405042
808.2	0.00369318
808.4	0.00336124
808.6	0.00305844
808.8	0.00278548
809.0	0.00254214
809.2	0.00232595
809.4	0.00213501
809.6	0.00196653
809.8	0.00181803
810.0	0.00168733
810.2	0.00157181
810.4	0.00147028
810.6	0.00138038
810.8	0.00130107
811.0	0.00123112
811.2	0.00116923
811.4	0.00111481
811.6	0.00106635
811.8	0.00102376
812.0	0.00098628
812.2	0.00095345
812.4	0.00092470
812.6	0.00089970
812.8	0.00087801
813.0	0.00085961
813.2	0.00084411
813.4	0.00083138
813.6	0.00082130
813.8	0.00081358
814.0	0.00080798
814.2	0.00080482
814.4	0.00080390
814.6	0.00080501
814.8	0.00080816
815.0	0.00081339
815.2	0.00082073
815.4	0.00083004
815.6	0.00084159
815.8	0.00085526
816.0	0.00087116
816.2	0.00088941
816.4	0.00091012
816.6	0.00093304
816.8	0.00095874
817.0	0.00098696
817.2	0.00101812
817.4	0.00105220
817.6	0.00108943
817.8	0.00112980
818.0	0.00117355
818.2	0.00122124
818.4	0.00127233
818.6	0.00132739
818.8	0.00138676
819.0	0.00145011
819.2	0.00151810
819.4	0.00159038
819.6	0.00166763
819.8	0.00174944
820.0	0.00183569
820.2	0.00192708
820.4	0.00202302
820.6	0.00212373
820.8	0.00222895
821.0	0.00233884
821.2	0.00245245
821.4	0.00256980
821.6	0.00269030
821.8	0.00281384
822.0	0.00293900
822.2	0.00306690
822.4	0.00319521
822.6	0.00332430
822.8	0.00345223
823.0	0.00357932
823.2	0.00370425
823.4	0.00382648
823.6	0.00394366
823.8	0.00405602
824.0	0.00416198
824.2	0.00425991
824.4	0.00434911
824.6	0.00442894
824.8	0.00449573
825.0	0.00454988
825.2	0.00459092
825.4	0.00461636
825.6	0.00462594
825.8	0.00461849
826.0	0.00459515
826.2	0.00455407
826.4	0.00449780
826.6	0.00442588
826.8	0.00434010
827.0	0.00424229
827.2	0.00413238
827.4	0.00401421
827.6	0.00388956
827.8	0.00376011
828.0	0.00362744
828.2	0.00349301
828.4	0.00335970
828.6	0.00322849
828.8	0.00310027
829.0	0.00297577
829.2	0.00285693
829.4	0.00274347
829.6	0.00263572
829.8	0.00253396
830.0	0.00243893
830.2	0.00235017
830.4	0.00226830
830.6	0.00219230
830.8	0.00212276
831.0	0.00205921
831.2	0.00200170
831.4	0.00194984
831.6	0.00190371
831.8	0.00186294
832.0	0.00182768
832.2	0.00179721
832.4	0.00177174
832.6	0.00175146
832.8	0.00173580
833.0	0.00172544
833.2	0.00171989
833.4	0.00171910
833.6	0.00172346
833.8	0.00173340
834.0	0.00174824
834.2	0.00176889
834.4	0.00179597
834.6	0.00182894
834.8	0.00186853
835.0	0.00191602
835.2	0.00197106
835.4	0.00203517
835.6	0.00210863
835.8	0.00219280
836.0	0.00228823
836.2	0.00239718
836.4	0.00252116
836.6	0.00266073
836.8	0.00281903
837.0	0.00299709
837.2	0.00319816
837.4	0.00342452
837.6	0.00367790
837.8	0.00396004
838.0	0.00427366
838.2	0.00461743
838.4	0.00498999
838.6	0.00538766
838.8	0.00580230
839.0	0.00621871
839.2	0.00662217
839.4	0.00698715
839.6	0.00728786
839.8	0.00749722
840.0	0.00759801
840.2	0.00757530
840.4	0.00743361
840.6	0.00718456
840.8	0.00685015
841.0	0.00645803
841.2	0.00603393
841.4	0.00560144
841.6	0.00517726
841.8	0.00477309
842.0	0.00439643
842.2	0.00405042
842.4	0.00373766
842.6	0.00345541
842.8	0.00320258
843.0	0.00297783
843.2	0.00277715
843.4	0.00259956
843.6	0.00244231
843.8	0.00230250
844.0	0.00217821
844.2	0.00206871
844.4	0.00197151
844.6	0.00188538
844.8	0.00180967
845.0	0.00174261
845.2	0.00168384
845.4	0.00163230
845.6	0.00158745
845.8	0.00154882
846.0	0.00151565
846.2	0.00148765
846.4	0.00146454
846.6	0.00144611
846.8	0.00143186
847.0	0.00142135
847.2	0.00141514
847.4	0.00141254
847.6	0.00141351
847.8	0.00141808
848.0	0.00142626
848.2	0.00143814
848.4	0.00145312
848.6	0.00147197
848.8	0.00149417
849.0	0.00152020
849.2	0.00154989
849.4	0.00158343
849.6	0.00162069
849.8	0.00166226
850.0	0.00170765
850.2	0.00175711
850.4	0.00181134
850.6	0.00186982
850.8	0.00193286
851.0	0.00200032
851.2	0.00207253
851.4	0.00214931
851.6	0.00223049
851.8	0.00231633
852.0	0.00240658
852.2	0.00250092
852.4	0.00259896
852.6	0.00270085
852.8	0.00280543
853.0	0.00291206
853.2	0.00301995
853.4	0.00312896
853.6	0.00323817
853.8	0.00334580
854.0	0.00345144
854.2	0.00355468
854.4	0.00365342
854.6	0.00374714
854.8	0.00383442
855.0	0.00391562
855.2	0.00399025
855.4	0.00405602
855.6	0.00411339
855.8	0.00416294
856.0	0.00420339
856.2	0.00423643
856.4	0.00425991
856.6	0.00427464
856.8	0.00428253
857.0	0.00428253
857.2	0.00427464
857.4	0.00425991
857.6	0.00423838
857.8	0.00421017
858.0	0.00417638
858.2	0.00413714
858.4	0.00409166
858.6	0.00404110
858.8	0.00398566
859.0	0.00392555
859.2	0.00386011
859.4	0.00379140
859.6	0.00371792
859.8	0.00364167
860.0	0.00356123
860.2	0.00347856
860.4	0.00339391
860.6	0.00330674
860.8	0.00321810
861.0	0.00312824
861.2	0.00303809
861.4	0.00294781
861.6	0.00285825
861.8	0.00277013
862.0	0.00268287
862.2	0.00259717
862.4	0.00251420
862.6	0.00243332
862.8	0.00235505
863.0	0.00228034
863.2	0.00220800
863.4	0.00213944
863.6	0.00207396
863.8	0.00201233
864.0	0.00195389
864.2	0.00189889
864.4	0.00184757
864.6	0.00180011
864.8	0.00175550
865.0	0.00171475
865.2	0.00167687
865.4	0.00164286
865.6	0.00161176
865.8	0.00158380
866.0	0.00155919
866.2	0.00153780
866.4	0.00151950
866.6	0.00150418
866.8	0.00149211
867.0	0.00148320
867.2	0.00147707
867.4	0.00147435
867.6	0.00147469
867.8	0.00147809
868.0	0.00148525
868.2	0.00149555
868.4	0.00150938
868.6	0.00152721
868.8	0.00154882
869.0	0.00157471
869.2	0.00160472
869.4	0.00163983
869.6	0.00167958
869.8	0.00172504
870.0	0.00177664
870.2	0.00183443
870.4	0.00189889
870.6	0.00197151
870.8	0.00205211
871.0	0.00214141
871.2	0.00224130
871.4	0.00235180
871.6	0.00247400
871.8	0.00260916
872.0	0.00275867
872.2	0.00292281
872.4	0.00310313
872.6	0.00329989
872.8	0.00351318
873.0	0.00374455
873.2	0.00399117
873.4	0.00425305
873.6	0.00452585
873.8	0.00480507
874.0	0.00508511
874.2	0.00535673
874.4	0.00561048
874.6	0.00583445
874.8	0.00601866
875.0	0.00615177
875.2	0.00622730
875.4	0.00624022
875.6	0.00619013
875.8	0.00608135
876.0	0.00592107
876.2	0.00572005
876.4	0.00548909
876.6	0.00523842
876.8	0.00497737
877.0	0.00471628
877.2	0.00445964
877.4	0.00421211
877.6	0.00397832
877.8	0.00375837
878.0	0.00355386
878.2	0.00336589
878.4	0.00319374
878.6	0.00303669
878.8	0.00289334
879.0	0.00276439
879.2	0.00264728
879.4	0.00254214
879.6	0.00244794
879.8	0.00236374
880.0	0.00228823
880.2	0.00222177
880.4	0.00216322
880.6	0.00211154
880.8	0.00206681
881.0	0.00202862
881.2	0.00199664
881.4	0.00197015
881.6	0.00194850
881.8	0.00193241
882.0	0.00192132
882.2	0.00191514
882.4	0.00191293
882.6	0.00191558
882.8	0.00192265
883.0	0.00193419
883.2	0.00194984
883.4	0.00197015
883.6	0.00199434
883.8	0.00202349
884.0	0.00205636
884.2	0.00209363
884.4	0.00213550
884.6	0.00218172
884.8	0.00223254
885.0	0.00228770
885.2	0.00234747
885.4	0.00241102
885.6	0.00247913
885.8	0.00255094
886.0	0.00262664
886.2	0.00270583
886.4	0.00278740
886.6	0.00287210
886.8	0.00295869
887.0	0.00304649
887.2	0.00313473
887.4	0.00322255
887.6	0.00330826
887.8	0.00339156
888.0	0.00347136
888.2	0.00354650
888.4	0.00361576
888.6	0.00367875
888.8	0.00373336
889.0	0.00378094
889.2	0.00381944
889.4	0.00384858
889.6	0.00386901
889.8	0.00388150
890.0	0.00388508
890.2	0.00388061
890.4	0.00386901
890.6	0.00385123
890.8	0.00382825
891.0	0.00380014
891.2	0.00376877
891.4	0.00373422
891.6	0.00369743
891.8	0.00365932
892.0	0.00361993
892.2	0.00358096
892.4	0.00354160
892.6	0.00350348
892.8	0.00346577
893.0	0.00343005
893.2	0.00339469
893.4	0.00336047
893.6	0.00332813
893.8	0.00329610
894.0	0.00326588
894.2	0.00323594
894.4	0.00320627
894.6	0.00317761
894.8	0.00314847
895.0	0.00311889
895.2	0.00308816
895.4	0.00305703
895.6	0.00302413
895.8	0.00298951
896.0	0.00295325
896.2	0.00291407
896.4	0.00287210
896.6	0.00282748
896.8	0.00278035
897.0	0.00272961
897.2	0.00267609
897.4	0.00261939
897.6	0.00256035
897.8	0.00249919
898.0	0.00243557
898.2	0.00237028
898.4	0.00230356
898.6	0.00223563
898.8	0.00216721
899.0	0.00209894
899.2	0.00203095
899.4	0.00196336
899.6	0.00189714
899.8	0.00183231
900.0	0.00176889
900.2	0.00170765
900.4	0.00164892
900.6	0.00159221
900.8	0.00153780
901.0	0.00148594
901.2	0.00143615
901.4	0.00138931
901.6	0.00134462
901.8	0.00130227
902.0	0.00126241
902.2	0.00122518
902.4	0.00118987
902.6	0.00115718
902.8	0.00112642
903.0	0.00109799
903.2	0.00107127
903.4	0.00104689
903.6	0.00102424
903.8	0.00100369
904.0	0.00098469
904.2	0.00096761
904.4	0.00095214
904.6	0.00093821
904.8	0.00092598
905.0	0.00091538
905.2	0.00090615
905.4	0.00089846
905.6	0.00089228
905.8	0.00088756
906.0	0.00088430
906.2	0.00088247
906.4	0.00088206
906.6	0.00088328
906.8	0.00088573
907.0	0.00088982
907.2	0.00089536
907.4	0.00090240
907.6	0.00091117
907.8	0.00092151
908.0	0.00093368
908.2	0.00094755
908.4	0.00096316
908.6	0.00098084
908.8	0.00100046
909.0	0.00102235
909.2	0.00104665
909.4	0.00107325
909.6	0.00110230
909.8	0.00113423
910.0	0.00116923
910.2	0.00120726
910.4	0.00124853
910.6	0.00129360
910.8	0.00134246
911.0	0.00139540
911.2	0.00145278
911.4	0.00151461
911.6	0.00158161
911.8	0.00165425
912.0	0.00173221
912.2	0.00181635
912.4	0.00190678
912.6	0.00200401
912.8	0.00210766
913.0	0.00221871
913.2	0.00233722
913.4	0.00246263
913.6	0.00259537
913.8	0.00273464
914.0	0.00288071
914.2	0.00303249
914.4	0.00318933
914.6	0.00334965
914.8	0.00351156
915.0	0.00367451
915.2	0.00383531
915.4	0.00399301
915.6	0.00414381
915.8	0.00428746
916.0	0.00441876
916.2	0.00453837
916.4	0.00464408
916.6	0.00473369
916.8	0.00480618
917.0	0.00486295
917.2	0.00490230
917.4	0.00492720
917.6	0.00493628
917.8	0.00493287
918.0	0.00491813
918.2	0.00489441
918.4	0.00486183
918.6	0.00482392
918.8	0.00478079
919.0	0.00473587
919.2	0.00468921
919.4	0.00464301
919.6	0.00459727
919.8	0.00455407
920.0	0.00451232
920.2	0.00447404
920.4	0.00443915
920.6	0.00440859
920.8	0.00438228
921.0	0.00435913
921.2	0.00434110
921.4	0.00432613
921.6	0.00431618
921.8	0.00430923
922.0	0.00430626
922.2	0.00430626
922.4	0.00430923
922.6	0.00431420
922.8	0.00432116
923.0	0.00432912
923.2	0.00433711
923.4	0.00434510
923.6	0.00435311
923.8	0.00435913
924.0	0.00436214
924.2	0.00436214
924.4	0.00435813
924.6	0.00434911
924.8	0.00433411
925.0	0.00431420
925.2	0.00428647
925.4	0.00425305
925.6	0.00421211
925.8	0.00416390
926.0	0.00410866
926.2	0.00404669
926.4	0.00397924
926.6	0.00390571
926.8	0.00382648
927.0	0.00374369
927.2	0.00365679
927.4	0.00356780
927.6	0.00347696
927.8	0.00338532
928.0	0.00329306
928.2	0.00320184
928.4	0.00311172
928.6	0.00302273
928.8	0.00293697
929.0	0.00285299
929.2	0.00277268
929.4	0.00269526
929.6	0.00262120
929.8	0.00255094
930.0	0.00248485
930.2	0.00242214
930.4	0.00236320
930.6	0.00230834
930.8	0.00225684
931.0	0.00220953
931.2	0.00216621
931.4	0.00212618
931.6	0.00208978
931.8	0.00205684
932.0	0.00202768
932.2	0.00200170
932.4	0.00197925
932.6	0.00195975
932.8	0.00194402
933.0	0.00193108
933.2	0.00192176
933.4	0.00191514
933.6	0.00191205
933.8	0.00191205
934.0	0.00191514
934.2	0.00192132
934.4	0.00193108
934.6	0.00194357
934.8	0.00195975
935.0	0.00197879
935.2	0.00200170
935.4	0.00202815
935.6	0.00205779
935.8	0.00209122
936.0	0.00212814
936.2	0.00216920
936.4	0.00221411
936.6	0.00226308
936.8	0.00231579
937.0	0.00237247
937.2	0.00243332
937.4	0.00249862
937.6	0.00256744
937.8	0.00264058
938.0	0.00271706
938.2	0.00279769
938.4	0.00288071
938.6	0.00296688
938.8	0.00305562
939.0	0.00314557
939.2	0.00323668
939.4	0.00332736
939.6	0.00341665
939.8	0.00350429
940.0	0.00358839
940.2	0.00366775
940.4	0.00374111
940.6	0.00380715
940.8	0.00386456
941.0	0.00391291
941.2	0.00395003
941.4	0.00397741
941.6	0.00399301
941.8	0.00399761
942.0	0.00399117
942.2	0.00397375
942.4	0.00394639
942.6	0.00391021
942.8	0.00386723
943.0	0.00381681
943.2	0.00376097
943.4	0.00370084
943.6	0.00363831
943.8	0.00357355
944.0	0.00350833
944.2	0.00344271
944.4	0.00337831
944.6	0.00331589
944.8	0.00325612
945.0	0.00319890
945.2	0.00314485
945.4	0.00309457
945.6	0.00304789
945.8	0.00300538
946.0	0.00296756
946.2	0.00293495
946.4	0.00290603
946.6	0.00288204
946.8	0.00286286
947.0	0.00284905
947.2	0.00283988
947.4	0.00283596
947.6	0.00283727
947.8	0.00284381
948.0	0.00285562
948.2	0.00287276
948.4	0.00289601
948.6	0.00292483
948.8	0.00295937
949.0	0.00300054
949.2	0.00304789
949.4	0.00310170
949.6	0.00316228
949.8	0.00322924
950.0	0.00330370
950.2	0.00338532
950.4	0.00347376
950.6	0.00356944
950.8	0.00367198
951.0	0.00378181
951.2	0.00389762
951.4	0.00401883
951.6	0.00414477
951.8	0.00427464
952.0	0.00440555
952.2	0.00453733
952.4	0.00466552
952.6	0.00478851
952.8	0.00490230
953.0	0.00500495
953.2	0.00509096
953.4	0.00515822
953.6	0.00520355
953.8	0.00522396
954.0	0.00521795
954.2	0.00518322
954.4	0.00512153
954.6	0.00503385
954.8	0.00492153
955.0	0.00478851
955.2	0.00463767
955.4	0.00447301
955.6	0.00429932
955.8	0.00412003
956.0	0.00393731
956.2	0.00375578
956.4	0.00357684
956.6	0.00340330
956.8	0.00323594
957.0	0.00307610
957.2	0.00292483
957.4	0.00278163
957.6	0.00264728
957.8	0.00252174
958.0	0.00240436
958.2	0.00229615
958.4	0.00219533
958.6	0.00210233
958.8	0.00201604
959.0	0.00193687
959.2	0.00186423
959.4	0.00179721
959.6	0.00173620
959.8	0.00167996
960.0	0.00162892
960.2	0.00158234
960.4	0.00153993
960.6	0.00150176
960.8	0.00146757
961.0	0.00143681
961.2	0.00140929
961.4	0.00138516
961.6	0.00136427
961.8	0.00134617
962.0	0.00133107
962.2	0.00131886
962.4	0.00130918
962.6	0.00130227
962.8	0.00129778
963.0	0.00129628
963.2	0.00129718
963.4	0.00130077
963.6	0.00130707
963.8	0.00131583
964.0	0.00132770
964.2	0.00134246
964.4	0.00136019
964.6	0.00138102
964.8	0.00140540
965.0	0.00143318
965.2	0.00146454
965.4	0.00150003
965.6	0.00153993
965.8	0.00158453
966.0	0.00163380
966.2	0.00168888
966.4	0.00174985
966.6	0.00181761
966.8	0.00189234
967.0	0.00197515
967.2	0.00206633
967.4	0.00216721
967.6	0.00227877
967.8	0.00240215
968.0	0.00253863
968.2	0.00268906
968.4	0.00285562
968.6	0.00303948
968.8	0.00324265
969.0	0.00346577
969.2	0.00371193
969.4	0.00398016
969.6	0.00427366
969.8	0.00459198
970.0	0.00493515
970.2	0.00529907
970.4	0.00568198
970.6	0.00607575
970.8	0.00647292
971.0	0.00686120
971.2	0.00722770
971.4	0.00755440
971.6	0.00782348
971.8	0.00802232
972.0	0.00813580
972.2	0.00816018
972.4	0.00809282
972.6	0.00794328
972.8	0.00771969
973.0	0.00743704
973.2	0.00711377
973.4	0.00676394
973.6	0.00640177
973.8	0.00603949
974.0	0.00568460
974.2	0.00534564
974.4	0.00502343
974.6	0.00472280
974.8	0.00444427
975.0	0.00418697
975.2	0.00395094
975.4	0.00373594
975.6	0.00354079
975.8	0.00336279
976.0	0.00320111
976.2	0.00305492
976.4	0.00292281
976.6	0.00280350
976.8	0.00269588
977.0	0.00259836
977.2	0.00251131
977.4	0.00243332
977.6	0.00236320
977.8	0.00230091
978.0	0.00224543
978.2	0.00219685
978.4	0.00215427
978.6	0.00211739
978.8	0.00208593
979.0	0.00205968
979.2	0.00203798
979.4	0.00202162
979.6	0.00200909
979.8	0.00200124
980.0	0.00199756
980.2	0.00199802
980.4	0.00200309
980.6	0.00201187
980.8	0.00202488
981.0	0.00204174
981.2	0.00206348
981.4	0.00208882
981.6	0.00211934
981.8	0.00215377
982.0	0.00219280
982.2	0.00223718
982.4	0.00228613
982.6	0.00234045
982.8	0.00239994
983.0	0.00246490
983.2	0.00253630
983.4	0.00261336
983.6	0.00269650
983.8	0.00278676
984.0	0.00288337
984.2	0.00298676
984.4	0.00309671
984.6	0.00321366
984.8	0.00333811
985.0	0.00346897
985.2	0.00360579
985.4	0.00374887
985.6	0.00389673
985.8	0.00404949
986.0	0.00420436
986.2	0.00436214
986.4	0.00451960
986.6	0.00467520
986.8	0.00482614
987.0	0.00497164
987.2	0.00510858
987.4	0.00523359
987.6	0.00534564
987.8	0.00544252
988.0	0.00552205
988.2	0.00558342
988.4	0.00562471
988.6	0.00564677
988.8	0.00564937
989.0	0.00563378
989.2	0.00560144
989.4	0.00555392
989.6	0.00549288
989.8	0.00542001
990.0	0.00533826
990.2	0.00524928
990.4	0.00515466
990.6	0.00505825
990.8	0.00495907
991.0	0.00485959
991.2	0.00476212
991.4	0.00466659
991.6	0.00457404
991.8	0.00448539
992.0	0.00440048
992.2	0.00432116
992.4	0.00424620
992.6	0.00417638
992.8	0.00411150
993.0	0.00405135
993.2	0.00399669
993.4	0.00394639
993.6	0.00390122
993.8	0.00386011
994.0	0.00382296
994.2	0.00378966
994.4	0.00375924
994.6	0.00373164
994.8	0.00370681
995.0	0.00368383
995.2	0.00366185
995.4	0.00363999
995.6	0.00361910
995.8	0.00359667
996.0	0.00357273
996.2	0.00354732
996.4	0.00351884
996.6	0.00348578
996.8	0.00344905
997.0	0.00340722
997.2	0.00336047
997.4	0.00330674
997.6	0.00324713
997.8	0.00318127
998.0	0.00310885
998.2	0.00303040
998.4	0.00294646
998.6	0.00285693
998.8	0.00276312
999.0	0.00266563
999.2	0.00256507
999.4	0.00246263
999.6	0.00235939
999.8	0.00225528
1000.0	0.00215229
1000.2	0.00205116
1000.4	0.00195209
1000.6	0.00185524
1000.8	0.00176198
1001.0	0.00167186
1001.2	0.00158562
1001.4	0.00150314
1001.6	0.00142495
1001.8	0.00135052
1002.0	0.00128027
1002.2	0.00121395
1002.4	0.00115160
1002.6	0.00109295
1002.8	0.00103801
1003.0	0.00098651
1003.2	0.00093821
1003.4	0.00089310
1003.6	0.00085094
1003.8	0.00081171
1004.0	0.00077482
1004.2	0.00074063
1004.4	0.00070860
1004.6	0.00067873
1004.8	0.00065088
1005.0	0.00062488
1005.2	0.00060062
1005.4	0.00057796
1005.6	0.00055693
1005.8	0.00053716
1006.0	0.00051892
1006.2	0.00050176
1006.4	0.00048585
1006.6	0.00047098
1006.8	0.00045719
1007.0	0.00044432
1007.2	0.00043231
1007.4	0.00042111
1007.6	0.00041077
1007.8	0.00040124
1008.0	0.00039228
1008.2	0.00038406
1008.4	0.00037644
1008.6	0.00036940
1008.8	0.00036299
1009.0	0.00035711
1009.2	0.00035172
1009.4	0.00034690
1009.6	0.00034245
1009.8	0.00033853
1010.0	0.00033504
1010.2	0.00033197
1010.4	0.00032938
1010.6	0.00032711
1010.8	0.00032531
1011.0	0.00032389
1011.2	0.00032292
1011.4	0.00032226
1011.6	0.00032203
1011.8	0.00032211
1012.0	0.00032270
1012.2	0.00032359
1012.4	0.00032486
1012.6	0.00032659
1012.8	0.00032870
1013.0	0.00033128
1013.2	0.00033427
1013.4	0.00033768
1013.6	0.00034151
1013.8	0.00034586
1014.0	0.00035067
1014.2	0.00035604
1014.4	0.00036191
1014.6	0.00036838
1014.8	0.00037540
1015.0	0.00038309
1015.2	0.00039147
1015.4	0.00040050
1015.6	0.00041030
1015.8	0.00042092
1016.0	0.00043231
1016.2	0.00044463
1016.4	0.00045793
1016.6	0.00047228
1016.8	0.00048775
1017.0	0.00050443
1017.2	0.00052228
1017.4	0.00054163
1017.6	0.00056234
1017.8	0.00058466
1018.0	0.00060870
1018.2	0.00063460
1018.4	0.00066252
1018.6	0.00069247
1018.8	0.00072477
1019.0	0.00075945
1019.2	0.00079671
1019.4	0.00083676
1019.6	0.00087983
1019.8	0.00092576
1020.0	0.00097521
1020.2	0.00102778
1020.4	0.00108418
1020.6	0.00114393
1020.8	0.00120726
1021.0	0.00127409
1021.2	0.00134462
1021.4	0.00141808
1021.6	0.00149451
1021.8	0.00157326
1022.0	0.00165348
1022.2	0.00173460
1022.4	0.00181593
1022.6	0.00189540
1022.8	0.00197242
1023.0	0.00204550
1023.2	0.00211300
1023.4	0.00217370
1023.6	0.00222638
1023.8	0.00226986
1024.0	0.00230356
1024.2	0.00232648
1024.4	0.00233884
1024.6	0.00234045
1024.8	0.00233238
1025.0	0.00231526
1025.2	0.00229034
1025.4	0.00225788
1025.6	0.00222024
1025.8	0.00217771
1026.0	0.00213157
1026.2	0.00208353
1026.4	0.00203423
1026.6	0.00198427
1026.8	0.00193464
1027.0	0.00188582
1027.2	0.00183823
1027.4	0.00179267
1027.6	0.00174904
1027.8	0.00170765
1028.0	0.00166878
1028.2	0.00163230
1028.4	0.00159845
1028.6	0.00156747
1028.8	0.00153886
1029.0	0.00151286
1029.2	0.00148970
1029.4	0.00146893
1029.6	0.00145044
1029.8	0.00143483
1030.0	0.00142135
1030.2	0.00141059
1030.4	0.00140185
1030.6	0.00139573
1030.8	0.00139219
1031.0	0.00139059
1031.2	0.00139155
1031.4	0.00139508
1031.6	0.00140055
1031.8	0.00140896
1032.0	0.00141938
1032.2	0.00143252
1032.4	0.00144810
1032.6	0.00146656
1032.8	0.00148730
1033.0	0.00151112
1033.2	0.00153780
1033.4	0.00156747
1033.6	0.00160029
1033.8	0.00163644
1034.0	0.00167571
1034.2	0.00171830
1034.4	0.00176441
1034.6	0.00181426
1034.8	0.00186767
1035.0	0.00192531
1035.2	0.00198609
1035.4	0.00205116
1035.6	0.00211934
1035.8	0.00219129
1036.0	0.00226673
1036.2	0.00234477
1036.4	0.00242549
1036.6	0.00250784
1036.8	0.00259060
1037.0	0.00267424
1037.2	0.00275550
1037.4	0.00283531
1037.6	0.00291005
1037.8	0.00297989
1038.0	0.00304159
1038.2	0.00309457
1038.4	0.00313617
1038.6	0.00316592
1038.8	0.00318273
1039.0	0.00318493
1039.2	0.00317322
1039.4	0.00314702
1039.6	0.00310742
1039.8	0.00305492
1040.0	0.00299089
1040.2	0.00291743
1040.4	0.00283596
1040.6	0.00274789
1040.8	0.00265583
1041.0	0.00256035
1041.2	0.00246377
1041.4	0.00236701
1041.6	0.00227196
1041.8	0.00217821
1042.0	0.00208737
1042.2	0.00199986
1042.4	0.00191558
1042.6	0.00183569
1042.8	0.00175995
1043.0	0.00168772
1043.2	0.00162032
1043.4	0.00155632
1043.6	0.00149658
1043.8	0.00144079
1044.0	0.00138835
1044.2	0.00133968
1044.4	0.00129420
1044.6	0.00125199
1044.8	0.00121283
1045.0	0.00117652
1045.2	0.00114262
1045.4	0.00111148
1045.6	0.00108268
1045.8	0.00105609
1046.0	0.00103181
1046.2	0.00100949
1046.4	0.00098901
1046.6	0.00097029
1046.8	0.00095345
1047.0	0.00093821
1047.2	0.00092449
1047.4	0.00091243
1047.6	0.00090178
1047.8	0.00089248
1048.0	0.00088471
1048.2	0.00087801
1048.4	0.00087277
1048.6	0.00086876
1048.8	0.00086616
1049.0	0.00086457
1049.2	0.00086437
1049.4	0.00086537
1049.6	0.00086756
1049.8	0.00087096
1050.0	0.00087559
1050.2	0.00088166
1050.4	0.00088900
1050.6	0.00089743
1050.8	0.00090740
1051.0	0.00091876
1051.2	0.00093154
1051.4	0.00094580
1051.6	0.00096161
1051.8	0.00097904
1052.0	0.00099839
1052.2	0.00101930
1052.4	0.00104208
1052.6	0.00106684
1052.8	0.00109345
1053.0	0.00112228
1053.2	0.00115345
1053.4	0.00118713
1053.6	0.00122293
1053.8	0.00126154
1054.0	0.00130257
1054.2	0.00134648
1054.4	0.00139316
1054.6	0.00144311
1054.8	0.00149555
1055.0	0.00155132
1055.2	0.00160990
1055.4	0.00167148
1055.6	0.00173580
1055.8	0.00180260
1056.0	0.00187154
1056.2	0.00194267
1056.4	0.00201512
1056.6	0.00208785
1056.8	0.00216123
1057.0	0.00223306
1057.2	0.00230303
1057.4	0.00236974
1057.6	0.00243220
1057.8	0.00248886
1058.0	0.00253805
1058.2	0.00257988
1058.4	0.00261216
1058.6	0.00263390
1058.8	0.00264545
1059.0	0.00264545
1059.2	0.00263512
1059.4	0.00261336
1059.6	0.00258167
1059.8	0.00254097
1060.0	0.00249172
1060.2	0.00243557
1060.4	0.00237356
1060.6	0.00230728
1060.8	0.00223769
1061.0	0.00216571
1061.2	0.00209315
1061.4	0.00202069
1061.6	0.00194850
1061.8	0.00187759
1062.0	0.00180842
1062.2	0.00174181
1062.4	0.00167726
1062.6	0.00161585
1062.8	0.00155704
1063.0	0.00150141
1063.2	0.00144844
1063.4	0.00139862
1063.6	0.00135145
1063.8	0.00130737
1064.0	0.00126561
1064.2	0.00122687
1064.4	0.00119042
1064.6	0.00115664
1064.8	0.00112486
1065.0	0.00109547
1065.2	0.00106832
1065.4	0.00104280
1065.6	0.00101953
1065.8	0.00099793
1066.0	0.00097791
1066.2	0.00095984
1066.4	0.00094319
1066.6	0.00092790
1066.8	0.00091432
1067.0	0.00090199
1067.2	0.00089105
1067.4	0.00088125
1067.6	0.00087297
1067.8	0.00086576
1068.0	0.00085981
1068.2	0.00085487
1068.4	0.00085114
1068.6	0.00084859
1068.8	0.00084723
1069.0	0.00084703
1069.2	0.00084781
1069.4	0.00084977
1069.6	0.00085290
1069.8	0.00085704
1070.0	0.00086258
1070.2	0.00086916
1070.4	0.00087700
1070.6	0.00088614
1070.8	0.00089660
1071.0	0.00090824
1071.2	0.00092151
1071.4	0.00093605
1071.6	0.00095236
1071.8	0.00097006
1072.0	0.00098969
1072.2	0.00101111
1072.4	0.00103443
1072.6	0.00105974
1072.8	0.00108718
1073.0	0.00111712
1073.2	0.00114948
1073.4	0.00118440
1073.6	0.00122236
1073.8	0.00126328
1074.0	0.00130768
1074.2	0.00135550
1074.4	0.00140702
1074.6	0.00146285
1074.8	0.00152300
1075.0	0.00158782
1075.2	0.00165768
1075.4	0.00173340
1075.6	0.00181468
1075.8	0.00190239
1076.0	0.00199710
1076.2	0.00209846
1076.4	0.00220750
1076.6	0.00232434
1076.8	0.00244963
1077.0	0.00258285
1077.2	0.00272396
1077.4	0.00287409
1077.6	0.00303180
1077.8	0.00319595
1078.0	0.00336667
1078.2	0.00354242
1078.4	0.00371963
1078.6	0.00389852
1078.8	0.00407380
1079.0	0.00424229
1079.2	0.00440149
1079.4	0.00454569
1079.6	0.00467197
1079.8	0.00477529
1080.0	0.00485400
1080.2	0.00490343
1080.4	0.00492380
1080.6	0.00491473
1080.8	0.00487641
1081.0	0.00481061
1081.2	0.00472063
1081.4	0.00461105
1081.6	0.00448332
1081.8	0.00434310
1082.0	0.00419469
1082.2	0.00403924
1082.4	0.00388240
1082.6	0.00372477
1082.8	0.00356944
1083.0	0.00341822
1083.2	0.00327265
1083.4	0.00313184
1083.6	0.00299847
1083.8	0.00287210
1084.0	0.00275233
1084.2	0.00263998
1084.4	0.00253396
1084.6	0.00243557
1084.8	0.00234315
1085.0	0.00225736
1085.2	0.00217721
1085.4	0.00210281
1085.6	0.00203423
1085.8	0.00197015
1086.0	0.00191073
1086.2	0.00185567
1086.4	0.00180509
1086.6	0.00175833
1086.8	0.00171514
1087.0	0.00167533
1087.2	0.00163908
1087.4	0.00160546
1087.6	0.00157507
1087.8	0.00154703
1088.0	0.00152195
1088.2	0.00149899
1088.4	0.00147843
1088.6	0.00146016
1088.8	0.00144411
1089.0	0.00142988
1089.2	0.00141742
1089.4	0.00140702
1089.6	0.00139862
1089.8	0.00139187
1090.0	0.00138676
1090.2	0.00138325
1090.4	0.00138134
1090.6	0.00138102
1090.8	0.00138229
1091.0	0.00138484
1091.2	0.00138931
1091.4	0.00139508
1091.6	0.00140217
1091.8	0.00141091
1092.0	0.00142102
1092.2	0.00143252
1092.4	0.00144544
1092.6	0.00145982
1092.8	0.00147537
1093.0	0.00149279
1093.2	0.00151112
1093.4	0.00153109
1093.6	0.00155203
1093.8	0.00157471
1094.0	0.00159809
1094.2	0.00162293
1094.4	0.00164930
1094.6	0.00167610
1094.8	0.00170451
1095.0	0.00173340
1095.2	0.00176319
1095.4	0.00179349
1095.6	0.00182432
1095.8	0.00185567
1096.0	0.00188712
1096.2	0.00191867
1096.4	0.00194940
1096.6	0.00198016
1096.8	0.00201002
1097.0	0.00203892
1097.2	0.00206633
1097.4	0.00209170
1097.6	0.00211592
1097.8	0.00213747
1098.0	0.00215625
1098.2	0.00217270
1098.4	0.00218625
1098.6	0.00219634
1098.8	0.00220293
1099.0	0.00220648
1099.2	0.00220597
1099.4	0.00220242
1099.6	0.00219483
1099.8	0.00218374
1100.0	0.00216970
1100.2	0.00215179
1100.4	0.00213108
1100.6	0.00210766
1100.8	0.00208161
1101.0	0.00205353
1101.2	0.00202302
1101.4	0.00199113
1101.6	0.00195794
1101.8	0.00192353
1102.0	0.00188799
1102.2	0.00185225
1102.4	0.00181593
1102.6	0.00177992
1102.8	0.00174381
1103.0	0.00170765
1103.2	0.00167263
1103.4	0.00163757
1103.6	0.00160361
1103.8	0.00157072
1104.0	0.00153851
1104.2	0.00150730
1104.4	0.00147707
1104.6	0.00144810
1104.8	0.00142037
1105.0	0.00139380
1105.2	0.00136836
1105.4	0.00134431
1105.6	0.00132130
1105.8	0.00129957
1106.0	0.00127909
1106.2	0.00125980
1106.4	0.00124165
1106.6	0.00122490
1106.8	0.00120921
1107.0	0.00119454
1107.2	0.00118114
1107.4	0.00116869
1107.6	0.00115744
1107.8	0.00114736
1108.0	0.00113841
1108.2	0.00113058
1108.4	0.00112357
1108.6	0.00111789
1108.8	0.00111327
1109.0	0.00110943
1109.2	0.00110688
1109.4	0.00110535
1109.6	0.00110510
1109.8	0.00110561
1110.0	0.00110739
1110.2	0.00111020
1110.4	0.00111404
1110.6	0.00111918
1110.8	0.00112538
1111.0	0.00113292
1111.2	0.00114156
1111.4	0.00115160
1111.6	0.00116279
1111.8	0.00117544
1112.0	0.00118932
1112.2	0.00120476
1112.4	0.00122180
1112.6	0.00124051
1112.8	0.00126067
1113.0	0.00128263
1113.2	0.00130647
1113.4	0.00133229
1113.6	0.00136019
1113.8	0.00139027
1114.0	0.00142266
1114.2	0.00145714
1114.4	0.00149451
1114.6	0.00153462
1114.8	0.00157761
1115.0	0.00162368
1115.2	0.00167302
1115.4	0.00172624
1115.6	0.00178279
1115.8	0.00184374
1116.0	0.00190853
1116.2	0.00197834
1116.4	0.00205258
1116.6	0.00213206
1116.8	0.00221718
1117.0	0.00230781
1117.2	0.00240436
1117.4	0.00250784
1117.6	0.00261758
1117.8	0.00273401
1118.0	0.00285759
1118.2	0.00298813
1118.4	0.00312608
1118.6	0.00327115
1118.8	0.00342373
1119.0	0.00358179
1119.2	0.00374542
1119.4	0.00391471
1119.6	0.00408696
1119.8	0.00426089
1120.0	0.00443507
1120.2	0.00460681
1120.4	0.00477309
1120.6	0.00493060
1120.8	0.00507692
1121.0	0.00520835
1121.2	0.00532231
1121.4	0.00541502
1121.6	0.00548277
1121.8	0.00552586
1122.0	0.00554243
1122.2	0.00553095
1122.4	0.00549288
1122.6	0.00543000
1122.8	0.00534318
1123.0	0.00523600
1123.2	0.00511211
1123.4	0.00497279
1123.6	0.00482170
1123.8	0.00466337
1124.0	0.00449987
1124.2	0.00433311
1124.4	0.00416677
1124.6	0.00400221
1124.8	0.00384061
1125.0	0.00368299
1125.2	0.00353102
1125.4	0.00338532
1125.6	0.00324564
1125.8	0.00311243
1126.0	0.00298676
1126.2	0.00286682
1126.4	0.00275423
1126.6	0.00264789
1126.8	0.00254800
1127.0	0.00245414
1127.2	0.00236592
1127.4	0.00228297
1127.6	0.00220597
1127.8	0.00213304
1128.0	0.00206538
1128.2	0.00200170
1128.4	0.00194267
1128.6	0.00188712
1128.8	0.00183527
1129.0	0.00178690
1129.2	0.00174221
1129.4	0.00170020
1129.6	0.00166112
1129.8	0.00162480
1130.0	0.00159111
1130.2	0.00155991
1130.4	0.00153073
1130.6	0.00150418
1130.8	0.00147945
1131.0	0.00145680
1131.2	0.00143582
1131.4	0.00141677
1131.6	0.00139959
1131.8	0.00138388
1132.0	0.00136994
1132.2	0.00135769
1132.4	0.00134679
1132.6	0.00133721
1132.8	0.00132923
1133.0	0.00132251
1133.2	0.00131704
1133.4	0.00131311
1133.6	0.00131039
1133.8	0.00130918
1134.0	0.00130888
1134.2	0.00131009
1134.4	0.00131250
1134.6	0.00131644
1134.8	0.00132130
1135.0	0.00132770
1135.2	0.00133537
1135.4	0.00134431
1135.6	0.00135457
1135.8	0.00136616
1136.0	0.00137911
1136.2	0.00139348
1136.4	0.00140961
1136.6	0.00142692
1136.8	0.00144611
1137.0	0.00146656
1137.2	0.00148902
1137.4	0.00151286
1137.6	0.00153886
1137.8	0.00156639
1138.0	0.00159588
1138.2	0.00162780
1138.4	0.00166150
1138.6	0.00169746
1138.8	0.00173540
1139.0	0.00177623
1139.2	0.00181928
1139.4	0.00186509
1139.6	0.00191337
1139.8	0.00196472
1140.0	0.00201883
1140.2	0.00207635
1140.4	0.00213649
1140.6	0.00220039
1140.8	0.00226725
1141.0	0.00233830
1141.2	0.00241213
1141.4	0.00249000
1141.6	0.00257158
1141.8	0.00265705
1142.0	0.00274663
1142.2	0.00283923
1142.4	0.00293562
1142.6	0.00303599
1142.8	0.00313906
1143.0	0.00324564
1143.2	0.00335506
1143.4	0.00346657
1143.6	0.00357932
1143.8	0.00369403
1144.0	0.00380890
1144.2	0.00392374
1144.4	0.00403738
1144.6	0.00414763
1144.8	0.00425598
1145.0	0.00435813
1145.2	0.00445554
1145.4	0.00454569
1145.6	0.00462807
1145.8	0.00470111
1146.0	0.00476321
1146.2	0.00481504
1146.4	0.00485400
1146.6	0.00488090
1146.8	0.00489441
1147.0	0.00489553
1147.2	0.00488427
1147.4	0.00486183
1147.6	0.00482614
1147.8	0.00478079
1148.0	0.00472498
1148.2	0.00466015
1148.4	0.00458775
1148.6	0.00450921
1148.8	0.00442486
1149.0	0.00433611
1149.2	0.00424326
1149.4	0.00414954
1149.6	0.00405322
1149.8	0.00395640
1150.0	0.00386011
1150.2	0.00376444
1150.4	0.00367029
1150.6	0.00357767
1150.8	0.00348739
1151.0	0.00339938
1151.2	0.00331436
1151.4	0.00323147
1151.6	0.00315210
1151.8	0.00307539
1152.0	0.00300262
1152.2	0.00293224
1152.4	0.00286550
1152.6	0.00280156
1152.8	0.00274094
1153.0	0.00268349
1153.2	0.00262845
1153.4	0.00257691
1153.6	0.00252813
1153.8	0.00248199
1154.0	0.00243837
1154.2	0.00239773
1154.4	0.00235939
1154.6	0.00232381
1154.8	0.00229034
1155.0	0.00225944
1155.2	0.00223049
1155.4	0.00220394
1155.6	0.00217921
1155.8	0.00215675
1156.0	0.00213649
1156.2	0.00211787
1156.4	0.00210087
1156.6	0.00208641
1156.8	0.00207348
1157.0	0.00206205
1157.2	0.00205258
1157.4	0.00204503
1157.6	0.00203892
1157.8	0.00203470
1158.0	0.00203236
1158.2	0.00203142
1158.4	0.00203189
1158.6	0.00203423
1158.8	0.00203845
1159.0	0.00204409
1159.2	0.00205116
1159.4	0.00206016
1159.6	0.00207109
1159.8	0.00208353
1160.0	0.00209749
1160.2	0.00211349
1160.4	0.00213108
1160.6	0.00215030
1160.8	0.00217170
1161.0	0.00219483
1161.2	0.00222024
1161.4	0.00224750
1161.6	0.00227667
1161.8	0.00230781
1162.0	0.00234099
1162.2	0.00237684
1162.4	0.00241435
1162.6	0.00245471
1162.8	0.00249747
1163.0	0.00254214
1163.2	0.00259000
1163.4	0.00263998
1163.6	0.00269277
1163.8	0.00274853
1164.0	0.00280673
1164.2	0.00286814
1164.4	0.00293224
1164.6	0.00299916
1164.8	0.00306902
1165.0	0.00314268
1165.2	0.00321884
1165.4	0.00329762
1165.6	0.00337987
1165.8	0.00346497
1166.0	0.00355304
1166.2	0.00364418
1166.4	0.00373766
1166.6	0.00383354
1166.8	0.00393188
1167.0	0.00403274
1167.2	0.00413428
1167.4	0.00423741
1167.6	0.00434110
1167.8	0.00444631
1168.0	0.00454988
1168.2	0.00465372
1168.4	0.00475445
1168.6	0.00485400
1168.8	0.00495108
1169.0	0.00504313
1169.2	0.00513098
1169.4	0.00521315
1169.6	0.00528932
1169.8	0.00535797
1170.0	0.00541876
1170.2	0.00547016
1170.4	0.00551315
1170.6	0.00554498
1170.8	0.00556801
1171.0	0.00557956
1171.2	0.00558085
1171.4	0.00557186
1171.6	0.00555265
1171.8	0.00552205
1172.0	0.00548277
1172.2	0.00543375
1172.4	0.00537650
1172.6	0.00531129
1172.8	0.00523962
1173.0	0.00516060
1173.2	0.00507692
1173.4	0.00498884
1173.6	0.00489666
1173.8	0.00480176
1174.0	0.00470435
1174.2	0.00460575
1174.4	0.00450609
1174.6	0.00440555
1174.8	0.00430626
1175.0	0.00420727
1175.2	0.00410866
1175.4	0.00401236
1175.6	0.00391742
1175.8	0.00382472
1176.0	0.00373508
1176.2	0.00364670
1176.4	0.00356123
1176.6	0.00347856
1176.8	0.00339782
1177.0	0.00332047
1177.2	0.00324638
1177.4	0.00317395
1177.6	0.00310527
1177.8	0.00303879
1178.0	0.00297509
1178.2	0.00291407
1178.4	0.00285562
1178.6	0.00279963
1178.8	0.00274663
1179.0	0.00269526
1179.2	0.00264667
1179.4	0.00260016
1179.6	0.00255623
1179.8	0.00251420
1180.0	0.00247457
1180.2	0.00243669
1180.4	0.00240104
1180.6	0.00236701
1180.8	0.00233453
1181.0	0.00230409
1181.2	0.00227562
1181.4	0.00224905
1181.6	0.00222331
1181.8	0.00219989
1182.0	0.00217771
1182.2	0.00215675
1182.4	0.00213747
1182.6	0.00211982
1182.8	0.00210329
1183.0	0.00208833
1183.2	0.00207444
1183.4	0.00206205
1183.6	0.00205069
1183.8	0.00204080
1184.0	0.00203236
1184.2	0.00202442
1184.4	0.00201837
1184.6	0.00201326
1184.8	0.00200909
1185.0	0.00200632
1185.2	0.00200447
1185.4	0.00200355
1185.6	0.00200401
1185.8	0.00200586
1186.0	0.00200863
1186.2	0.00201233
1186.4	0.00201744
1186.6	0.00202349
1186.8	0.00203095
1187.0	0.00203939
1187.2	0.00204880
1187.4	0.00205968
1187.6	0.00207157
1187.8	0.00208449
1188.0	0.00209894
1188.2	0.00211446
1188.4	0.00213108
1188.6	0.00214931
1188.8	0.00216870
1189.0	0.00218978
1189.2	0.00221208
1189.4	0.00223563
1189.6	0.00226100
1189.8	0.00228770
1190.0	0.00231579
1190.2	0.00234585
1190.4	0.00237739
1190.6	0.00241046
1190.8	0.00244568
1191.0	0.00248256
1191.2	0.00252116
1191.4	0.00256212
1191.6	0.00260495
1191.8	0.00265033
1192.0	0.00269774
1192.2	0.00274726
1192.4	0.00279963
1192.6	0.00285430
1192.8	0.00291206
1193.0	0.00297235
1193.2	0.00303529
1193.4	0.00310170
1193.6	0.00317176
1193.8	0.00324414
1194.0	0.00332124
1194.2	0.00340173
1194.4	0.00348578
1194.6	0.00357437
1194.8	0.00366691
1195.0	0.00376444
1195.2	0.00386723
1195.4	0.00397466
1195.6	0.00408790
1195.8	0.00420727
1196.0	0.00433212
1196.2	0.00446375
1196.4	0.00460151
1196.6	0.00474679
1196.8	0.00490004
1197.0	0.00506174
1197.2	0.00523239
1197.4	0.00541128
1197.6	0.00560144
1197.8	0.00580096
1198.0	0.00601174
1198.2	0.00623591
1198.4	0.00647143
1198.6	0.00672048
1198.8	0.00698393
1199.0	0.00726440
1199.2	0.00756136
1199.4	0.00787408
1199.6	0.00820729
1199.8	0.00856249
1200.0	0.00893717

