920 0
922 0
924 3e-06
926 9.3e-05
928 0.00016
930 0.000161
932 0.000123
934 0.000104
936 0.000149
938 0.000273
940 0.000546
942 0.001142
944 0.002371
946 0.00458
948 0.007749
950 0.011268
952 0.014341
954 0.016852
956 0.01986
958 0.025511
960 0.037785
962 0.064947
964 0.123309
966 0.233633
968 0.398243
970 0.583935
972 0.741661
974 0.843376
976 0.895424
978 0.918142
980 0.926659
982 0.928685
984 0.926779
986 0.921945
988 0.9161
990 0.912342
992 0.912771
994 0.916737
996 0.921531
998 0.924299
1000 0.924048
1002 0.921655
1004 0.918745
1006 0.916443
1008 0.914774
1010 0.913423
1012 0.912474
1014 0.912797
1016 0.915264
1018 0.919542
1020 0.924042
1022 0.926816
1024 0.927031
1026 0.925704
1028 0.924985
1030 0.926636
1032 0.930382
1034 0.933934
1036 0.934621
1038 0.931437
1040 0.925946
1042 0.92117
1044 0.919725
1046 0.922063
1048 0.926222
1050 0.92904
1052 0.927921
1054 0.921885
1056 0.910891
1058 0.893909
1060 0.867439
1062 0.82614
1064 0.76507
1066 0.682704
1068 0.582899
1070 0.474863
1072 0.370633
1074 0.280651
1076 0.209973
1078 0.157982
1080 0.120743
1082 0.094076
1084 0.074638
1086 0.059817
1088 0.047885
1090 0.037886
1092 0.029482
1094 0.022609
1096 0.017197
1098 0.013119
1100 0.010169
1102 0.008123
1104 0.006755
1106 0.005855
1108 0.005256
1110 0.004842
1112 0.004523
1114 0.004205
1116 0.003799
1118 0.003279
1120 0.002687
