0.2	0.7390371
0.201	0.7418118
0.202	0.7447189
0.203	0.7468435
0.204	0.7490527
0.205	0.7507211
0.206	0.7517048
0.207	0.7526649
0.208	0.7537065
0.209	0.7541704
0.21	0.7551437
0.211	0.7555197
0.212	0.7559694
0.213	0.7568297
0.214	0.7576485
0.215	0.7582274
0.216	0.7597829
0.217	0.7609634
0.218	0.7625661
0.219	0.7646416
0.22	0.7670877
0.221	0.7690806
0.222	0.7718733
0.223	0.7747236
0.224	0.7775409
0.225	0.780764
0.226	0.78371
0.227	0.7862019
0.228	0.7894685
0.229	0.7923318
0.23	0.794871
0.231	0.7978587
0.232	0.8002189
0.233	0.8022434
0.234	0.805179
0.235	0.8071904
0.236	0.8091012
0.237	0.8114426
0.238	0.8129211
0.239	0.814108
0.24	0.8162392
0.241	0.8177156
0.242	0.8188973
0.243	0.8206642
0.244	0.8219614
0.245	0.8225387
0.246	0.8239988
0.247	0.8251385
0.248	0.8256736
0.249	0.8270369
0.25	0.828069
0.251	0.8281988
0.252	0.8295024
0.253	0.8300655
0.254	0.8305089
0.255	0.8313658
0.256	0.8321583
0.257	0.8322643
0.258	0.8330244
0.259	0.8335025
0.26	0.83384
0.261	0.8345866
0.262	0.8352003
0.263	0.8351216
0.264	0.8358792
0.265	0.836734
0.266	0.8365404
0.267	0.8373248
0.268	0.8374703
0.269	0.8374333
0.27	0.8378429
0.271	0.8387626
0.272	0.838662
0.273	0.8394169
0.274	0.8395227
0.275	0.8394271
0.276	0.8404023
0.277	0.8403971
0.278	0.8407641
0.279	0.8410425
0.28	0.8414766
0.281	0.8410126
0.282	0.8420361
0.283	0.8420922
0.284	0.8420676
0.285	0.8423423
0.286	0.8423365
0.287	0.8422662
0.288	0.8433304
0.289	0.843154
0.29	0.8431576
0.291	0.8439665
0.292	0.8439893
0.293	0.8433732
0.294	0.8442395
0.295	0.8440278
0.296	0.8442404
0.297	0.8442889
0.298	0.8448144
0.299	0.8444651
0.3	0.8449437
0.301	0.8449458
0.302	0.8454175
0.303	0.8454502
0.304	0.8461538
0.305	0.8459418
0.306	0.846071
0.307	0.8460586
0.308	0.8461114
0.309	0.8465266
0.31	0.846831
0.311	0.8463357
0.312	0.8469969
0.313	0.8471526
0.314	0.8470557
0.315	0.8475466
0.316	0.8474602
0.317	0.847188
0.318	0.8477448
0.319	0.8475564
0.32	0.8472709
0.321	0.8475773
0.322	0.8475586
0.323	0.8474145
0.324	0.8477899
0.325	0.8475771
0.326	0.8477399
0.327	0.8478391
0.328	0.8481103
0.329	0.8477887
0.33	0.8485535
0.331	0.8484568
0.332	0.848245
0.333	0.8484886
0.334	0.8485715
0.335	0.848203
0.336	0.8483473
0.337	0.8484453
0.338	0.8486056
0.339	0.8486981
0.34	0.8487885
0.341	0.8482662
0.342	0.8487115
0.343	0.8486678
0.344	0.8483043
0.345	0.8487916
0.346	0.8485983
0.347	0.8483335
0.348	0.8486667
0.349	0.8486412
0.35	0.8483585
0.351	0.8485352
0.352	0.8484161
0.353	0.8480904
0.354	0.8487679
0.355	0.8485838
0.356	0.8484588
0.357	0.8486772
0.358	0.8485472
0.359	0.8481732
0.36	0.8485955
0.361	0.8485433
0.362	0.8482393
0.363	0.8486477
0.364	0.8486149
0.365	0.8480985
0.366	0.848431
0.367	0.8484616
0.368	0.8486143
0.369	0.849008
0.37	0.8484887
0.371	0.8483277
0.372	0.8487989
0.373	0.8485906
0.374	0.8486964
0.375	0.8488519
0.376	0.8487234
0.377	0.8487321
0.378	0.849123
0.379	0.8496185
0.38	0.8495015
0.381	0.8492311
0.382	0.849679
0.383	0.8498001
0.384	0.8498364
0.385	0.8502933
0.386	0.8499398
0.387	0.8499586
0.388	0.8502918
0.389	0.8504818
0.39	0.8505117
0.391	0.850646
0.392	0.8504488
0.393	0.850662
0.394	0.8513344
0.395	0.8511979
0.396	0.851324
0.397	0.8516168
0.398	0.8517682
0.399	0.8515914
0.4	0.8521169
0.401	0.8520937
0.402	0.8522964
0.403	0.8529087
0.404	0.8527144
0.405	0.8527047
0.406	0.853152
0.407	0.8533317
0.408	0.8534169
0.409	0.8538158
0.41	0.8534934
0.411	0.8536433
0.412	0.8540925
0.413	0.8540709
0.414	0.854133
0.415	0.8545875
0.416	0.8544527
0.417	0.8544045
0.418	0.8549108
0.419	0.8550302
0.42	0.8550298
0.421	0.8554987
0.422	0.8551453
0.423	0.8552304
0.424	0.855321
0.425	0.8555812
0.426	0.855689
0.427	0.8560976
0.428	0.8558716
0.429	0.8558017
0.43	0.8562984
0.431	0.8563058
0.432	0.8565144
0.433	0.8566532
0.434	0.8564992
0.435	0.8564835
0.436	0.8567771
0.437	0.856658
0.438	0.8568522
0.439	0.8571585
0.44	0.8569078
0.441	0.8568917
0.442	0.8573213
0.443	0.8572402
0.444	0.8571598
0.445	0.8575811
0.446	0.8573206
0.447	0.8572858
0.448	0.8577233
0.449	0.857618
0.45	0.8575728
0.451	0.857869
0.452	0.8576398
0.453	0.8575707
0.454	0.8579554
0.455	0.8578738
0.456	0.8579465
0.457	0.8581562
0.458	0.8579608
0.459	0.8580205
0.46	0.8582338
0.461	0.8582148
0.462	0.8583551
0.463	0.8585381
0.464	0.8582967
0.465	0.8583354
0.466	0.8585396
0.467	0.8582604
0.468	0.8583651
0.469	0.8586962
0.47	0.8584027
0.471	0.8583764
0.472	0.8587178
0.473	0.8587237
0.474	0.8587754
0.475	0.8590574
0.476	0.8588366
0.477	0.8587284
0.478	0.8590751
0.479	0.8589765
0.48	0.8590552
0.481	0.8592916
0.482	0.8589668
0.483	0.8589007
0.484	0.8592422
0.485	0.8592363
0.486	0.8592581
0.487	0.859128
0.488	0.8589357
0.489	0.8590353
0.49	0.8593949
0.491	0.8592775
0.492	0.8593911
0.493	0.8597342
0.494	0.8594467
0.495	0.8593988
0.496	0.8595981
0.497	0.859405
0.498	0.859624
0.499	0.8597488
0.5	0.8594094
0.501	0.8593833
0.502	0.8596567
0.503	0.859578
0.504	0.8598666
0.505	0.8596895
0.506	0.8592634
0.507	0.8596967
0.508	0.8598666
0.509	0.8596532
0.51	0.8598798
0.511	0.8600392
0.512	0.8597887
0.513	0.85982
0.514	0.85994
0.515	0.8599405
0.516	0.8601479
0.517	0.8601116
0.518	0.8598585
0.519	0.8600721
0.52	0.8603481
0.521	0.8601111
0.522	0.8603564
0.523	0.8604151
0.524	0.8601205
0.525	0.8602292
0.526	0.8604887
0.527	0.8603734
0.528	0.8604889
0.529	0.8605654
0.53	0.8602849
0.531	0.860523
0.532	0.8606613
0.533	0.8605393
0.534	0.8606702
0.535	0.8607998
0.536	0.8604878
0.537	0.8606746
0.538	0.8607351
0.539	0.8606148
0.54	0.8608796
0.541	0.8610378
0.542	0.8604115
0.543	0.860788
0.544	0.8608502
0.545	0.8607037
0.546	0.8609619
0.547	0.8612096
0.548	0.860634
0.549	0.8608394
0.55	0.8610045
0.551	0.8607281
0.552	0.861214
0.553	0.8612476
0.554	0.8607552
0.555	0.8608162
0.556	0.8610792
0.557	0.8610452
0.558	0.8613001
0.559	0.8611895
0.56	0.8609174
0.561	0.8609616
0.562	0.8608169
0.563	0.8611433
0.564	0.8614461
0.565	0.8611713
0.566	0.8613665
0.567	0.8613024
0.568	0.8607994
0.569	0.8612574
0.57	0.8614326
0.571	0.8612558
0.572	0.8612155
0.573	0.8611827
0.574	0.8607777
0.575	0.8612659
0.576	0.8612919
0.577	0.8611437
0.578	0.8613988
0.579	0.8616553
0.58	0.8610355
0.581	0.8613336
0.582	0.8615216
0.583	0.8613527
0.584	0.8616897
0.585	0.8614372
0.586	0.8611947
0.587	0.8614358
0.588	0.861757
0.589	0.8614428
0.59	0.8618252
0.591	0.8611309
0.592	0.8612595
0.593	0.8616002
0.594	0.8618176
0.595	0.861635
0.596	0.8618698
0.597	0.8616596
0.598	0.8613163
0.599	0.8615558
0.6	0.8617586
0.601	0.8616074
0.602	0.8619108
0.603	0.8617534
0.604	0.8615205
0.605	0.8616471
0.606	0.8618691
0.607	0.861492
0.608	0.8621905
0.609	0.8621425
0.61	0.8618724
0.611	0.8619041
0.612	0.8621709
0.613	0.8619276
0.614	0.8622732
0.615	0.861654
0.616	0.8615498
0.617	0.86181
0.618	0.8619825
0.619	0.8616365
0.62	0.8621181
0.621	0.8622857
0.622	0.8616779
0.623	0.861943
0.624	0.8620705
0.625	0.8619996
0.626	0.8623453
0.627	0.8622265
0.628	0.861626
0.629	0.8622181
0.63	0.8622893
0.631	0.862024
0.632	0.862381
0.633	0.8623149
0.634	0.8619258
0.635	0.8622658
0.636	0.8624635
0.637	0.8619156
0.638	0.8623846
0.639	0.8624978
0.64	0.8620321
0.641	0.8622911
0.642	0.862445
0.643	0.8624802
0.644	0.8627972
0.645	0.8625928
0.646	0.8622317
0.647	0.8624825
0.648	0.8625686
0.649	0.8624337
0.65	0.8626427
0.651	0.8624218
0.652	0.86204
0.653	0.8625816
0.654	0.8625123
0.655	0.86252
0.656	0.8625149
0.657	0.8626786
0.658	0.8620921
0.659	0.8628375
0.66	0.8625983
0.661	0.8624044
0.662	0.8627787
0.663	0.8628466
0.664	0.8623771
0.665	0.8629607
0.666	0.8627944
0.667	0.8624626
0.668	0.863045
0.669	0.8629902
0.67	0.8624244
0.671	0.8628433
0.672	0.8629134
0.673	0.8627149
0.674	0.8629872
0.675	0.8627323
0.676	0.8626472
0.677	0.8630331
0.678	0.8629379
0.679	0.8628571
0.68	0.8628436
0.681	0.8634372
0.682	0.8625495
0.683	0.8630555
0.684	0.8631086
0.685	0.8626461
0.686	0.8634317
0.687	0.8626499
0.688	0.8628167
0.689	0.8630392
0.69	0.8630862
0.691	0.8626761
0.692	0.8633538
0.693	0.8632639
0.694	0.8626368
0.695	0.8631187
0.696	0.8632578
0.697	0.8630358
0.698	0.8634559
0.699	0.8634462
0.7	0.8627333
0.701	0.8633079
0.702	0.8631207
0.703	0.8630325
0.704	0.8632476
0.705	0.8632781
0.706	0.8626196
0.707	0.863445
0.708	0.8632121
0.709	0.8633384
0.71	0.8637059
0.711	0.8636425
0.712	0.8629315
0.713	0.8634408
0.714	0.8634064
0.715	0.8630031
0.716	0.8634494
0.717	0.8634035
0.718	0.8631907
0.719	0.8632932
0.72	0.8635035
0.721	0.8632785
0.722	0.8638734
0.723	0.8634935
0.724	0.8630901
0.725	0.8634549
0.726	0.8633658
0.727	0.8633758
0.728	0.8638012
0.729	0.8638451
0.73	0.8631596
0.731	0.8637508
0.732	0.8634772
0.733	0.8638317
0.734	0.8637441
0.735	0.8634638
0.736	0.8634629
0.737	0.8640053
0.738	0.8638469
0.739	0.8637284
0.74	0.8639079
0.741	0.8637657
0.742	0.8634699
0.743	0.8637185
0.744	0.8637433
0.745	0.8634576
0.746	0.8639528
0.747	0.8638911
0.748	0.86359
0.749	0.8636764
0.75	0.8639209
0.751	0.8636345
0.752	0.8640971
0.753	0.8640316
0.754	0.8635033
0.755	0.8639286
0.756	0.8638099
0.757	0.8637258
0.758	0.8639935
0.759	0.8640272
0.76	0.8635757
0.761	0.8641415
0.762	0.8641565
0.763	0.8641262
0.764	0.8640882
0.765	0.8641824
0.766	0.8636257
0.767	0.864165
0.768	0.863935
0.769	0.8639913
0.77	0.8642781
0.771	0.864016
0.772	0.863965
0.773	0.864158
0.774	0.864031
0.775	0.8639178
0.776	0.8644834
0.777	0.8637391
0.778	0.8641256
0.779	0.864147
0.78	0.8639033
0.781	0.864069
0.782	0.8645535
0.783	0.8643031
0.784	0.8638995
0.785	0.8641669
0.786	0.8641397
0.787	0.8642106
0.788	0.8645422
0.789	0.8645874
0.79	0.8642004
0.791	0.8646849
0.792	0.8645149
0.793	0.8645283
0.794	0.8645753
0.795	0.8646246
0.796	0.8647947
0.797	0.8650204
0.798	0.8647944
0.799	0.8647429
0.8	0.8647561
0.801	0.8646149
0.802	0.8647039
0.803	0.8647571
0.804	0.864464
0.805	0.8641602
0.806	0.8645897
0.807	0.8647417
0.808	0.8644614
0.809	0.86445
0.81	0.8644414
0.811	0.8644096
0.812	0.8645897
0.813	0.8645536
0.814	0.8646225
0.815	0.8650413
0.816	0.8648147
0.817	0.8644251
0.818	0.8650811
0.819	0.8648714
0.82	0.8647279
0.821	0.8648779
0.822	0.8648283
0.823	0.8648314
0.824	0.8650663
0.825	0.8648384
0.826	0.8648158
0.827	0.8650465
0.828	0.8649192
0.829	0.8649841
0.83	0.8653038
0.831	0.8649651
0.832	0.8650029
0.833	0.8656023
0.834	0.8654301
0.835	0.8655414
0.836	0.8655632
0.837	0.8651536
0.838	0.8651632
0.839	0.86549
0.84	0.8652481
0.841	0.8654273
0.842	0.8657081
0.843	0.8656852
0.844	0.8658064
0.845	0.8654888
0.846	0.8649241
0.847	0.8649493
0.848	0.8652295
0.849	0.8655031
0.85	0.8661067
0.851	0.8658481
0.852	0.8650986
0.853	0.8652372
0.854	0.865353
0.855	0.8651803
0.856	0.8653521
0.857	0.8652397
0.858	0.865805
0.859	0.8652146
0.86	0.8674816
0.861	0.8711106
0.862	0.8707824
0.863	0.870832
0.864	0.8710834
0.865	0.8712011
0.866	0.8710325
0.867	0.8712325
0.868	0.8711387
0.869	0.8709001
0.87	0.871068
0.871	0.8710315
0.872	0.8709391
0.873	0.8710069
0.874	0.8710946
0.875	0.8711102
0.876	0.8711285
0.877	0.8710865
0.878	0.8710683
0.879	0.871094
0.88	0.8712269
0.881	0.8712756
0.882	0.8712323
0.883	0.87132
0.884	0.8715677
0.885	0.8713742
0.886	0.8710358
0.887	0.8712883
0.888	0.8715142
0.889	0.8713948
0.89	0.8713149
0.891	0.8714521
0.892	0.8715123
0.893	0.8714161
0.894	0.8713906
0.895	0.8715208
0.896	0.8718664
0.897	0.871974
0.898	0.8716867
0.899	0.8714974
0.9	0.8715988
0.901	0.8718227
0.902	0.8718094
0.903	0.8718195
0.904	0.8717799
0.905	0.8717231
0.906	0.8718143
0.907	0.8717938
0.908	0.8717874
0.909	0.8718984
0.91	0.8719549
0.911	0.8718675
0.912	0.8718841
0.913	0.8718442
0.914	0.8718499
0.915	0.871845
0.916	0.8719503
0.917	0.8719715
0.918	0.8719144
0.919	0.8719443
0.92	0.8718741
0.921	0.8718545
0.922	0.8719624
0.923	0.8719972
0.924	0.8718207
0.925	0.871827
0.926	0.8720361
0.927	0.8721053
0.928	0.8721788
0.929	0.8721603
0.93	0.872159
0.931	0.8721291
0.932	0.8721696
0.933	0.8721419
0.934	0.8721002
0.935	0.8721619
0.936	0.8722656
0.937	0.8722789
0.938	0.8723774
0.939	0.8724571
0.94	0.8723974
0.941	0.8722704
0.942	0.8724045
0.943	0.872496
0.944	0.8724115
0.945	0.8724381
0.946	0.8721916
0.947	0.8722538
0.948	0.8722424
0.949	0.8723855
0.95	0.8724166
0.951	0.8724236
0.952	0.8724441
0.953	0.8724108
0.954	0.8724006
0.955	0.8726253
0.956	0.8726691
0.957	0.8726578
0.958	0.8725713
0.959	0.872579
0.96	0.8725348
0.961	0.872547
0.962	0.8724264
0.963	0.8723685
0.964	0.8723896
0.965	0.8724587
0.966	0.8724993
0.967	0.8727322
0.968	0.8726689
0.969	0.8725019
0.97	0.8724486
0.971	0.8724549
0.972	0.8724736
0.973	0.872614
0.974	0.8726606
0.975	0.8728622
0.976	0.8727016
0.977	0.8726124
0.978	0.8724091
0.979	0.8727214
0.98	0.8726061
0.981	0.872533
0.982	0.8723397
0.983	0.8725032
0.984	0.8726215
0.985	0.8726192
0.986	0.8727099
0.987	0.8725412
0.988	0.8724957
0.989	0.8726677
0.99	0.8728808
0.991	0.872747
0.992	0.8729877
0.993	0.8727949
0.994	0.87269
0.995	0.8725223
0.996	0.872636
0.997	0.8725149
0.998	0.8726246
0.999	0.8726794
1	0.8727585
1.001	0.8727592
1.002	0.8728961
1.003	0.8728117
1.004	0.8726429
1.005	0.872752
1.006	0.8726256
1.007	0.8726922
1.008	0.8723457
1.009	0.8727335
1.01	0.8726677
1.011	0.8728764
1.012	0.8727859
1.013	0.8728844
1.014	0.8726248
1.015	0.8728655
1.016	0.8727081
1.017	0.8726672
1.018	0.8726614
1.019	0.8726468
1.02	0.8725316
1.021	0.8726516
1.022	0.8724996
1.023	0.872727
1.024	0.8727924
1.025	0.8726335
1.026	0.8728823
1.027	0.8727302
1.028	0.8731127
1.029	0.8729738
1.03	0.8728669
1.031	0.8729383
1.032	0.8726426
1.033	0.8727623
1.034	0.8726234
1.035	0.8728543
1.036	0.872874
1.037	0.8727784
1.038	0.8728527
1.039	0.8729478
1.04	0.8729333
1.041	0.8727587
1.042	0.8726439
1.043	0.8725515
1.044	0.8727014
1.045	0.8728564
1.046	0.8729871
1.047	0.8725454
1.048	0.8729449
1.049	0.8728202
1.05	0.8727229
1.051	0.8726111
1.052	0.8725948
1.053	0.872764
1.054	0.8729836
1.055	0.872848
1.056	0.8729731
1.057	0.8729482
1.058	0.8727556
1.059	0.8728632
1.06	0.8726489
1.061	0.8727709
1.062	0.872706
1.063	0.8729564
1.064	0.8726181
1.065	0.8728081
1.066	0.8727551
1.067	0.8726282
1.068	0.8726903
1.069	0.8731034
1.07	0.8728406
1.071	0.8729934
1.072	0.8727416
1.073	0.872829
1.074	0.8725086
1.075	0.8728096
1.076	0.8728052
1.077	0.8729112
1.078	0.8731731
1.079	0.8730965
1.08	0.8727342
1.081	0.8731689
1.082	0.8732113
1.083	0.8733008
1.084	0.8731579
1.085	0.8729041
1.086	0.873024
1.087	0.8729423
1.088	0.8730332
1.089	0.8728784
1.09	0.8729746
1.091	0.8729182
1.092	0.872999
1.093	0.8729172
1.094	0.8729797
1.095	0.8733614
1.096	0.8731288
1.097	0.8727651
1.098	0.8729742
1.099	0.8731203
1.1	0.8730369
1.101	0.8730891
1.102	0.8730626
1.103	0.8731185
1.104	0.8732353
1.105	0.8730657
1.106	0.8732349
1.107	0.8730959
1.108	0.8732479
1.109	0.8729167
1.11	0.8732083
1.111	0.8731158
1.112	0.8733731
1.113	0.873246
1.114	0.8732855
1.115	0.8732874
1.116	0.8734564
1.117	0.8733856
1.118	0.8730146
1.119	0.8731693
1.12	0.8731381
1.121	0.8733839
1.122	0.8731402
1.123	0.8734127
1.124	0.8732396
1.125	0.873238
1.126	0.8733817
1.127	0.8733393
1.128	0.8735194
1.129	0.8734219
1.13	0.8736165
1.131	0.8732808
1.132	0.8733686
1.133	0.8732359
1.134	0.8735174
1.135	0.8731404
1.136	0.873393
1.137	0.8734703
1.138	0.8734726
1.139	0.8734584
1.14	0.8735575
1.141	0.8734544
1.142	0.873241
1.143	0.8732835
1.144	0.8734401
1.145	0.8736943
1.146	0.8735709
1.147	0.8736364
1.148	0.8735732
1.149	0.8734162
1.15	0.8735238
1.151	0.8733822
1.152	0.8734856
1.153	0.8733842
1.154	0.8737067
1.155	0.8736257
1.156	0.8735603
1.157	0.8734981
1.158	0.8735127
1.159	0.8736608
1.16	0.8736913
1.161	0.8735642
1.162	0.8734857
1.163	0.8735346
1.164	0.8735703
1.165	0.8738016
1.166	0.8737539
1.167	0.8736997
1.168	0.8736811
1.169	0.8736938
1.17	0.8737283
1.171	0.873571
1.172	0.8735167
1.173	0.8734928
1.174	0.8735385
1.175	0.8738148
1.176	0.8738383
1.177	0.8738015
1.178	0.8738887
1.179	0.8738541
1.18	0.8738761
1.181	0.8736791
1.182	0.873604
1.183	0.8737546
1.184	0.8738002
1.185	0.8737255
1.186	0.873804
1.187	0.8737522
1.188	0.8737326
1.189	0.8738438
1.19	0.8738639
1.191	0.8740837
1.192	0.8741927
1.193	0.8741687
1.194	0.8742725
1.195	0.8742506
1.196	0.8743711
1.197	0.8739869
1.198	0.8739894
1.199	0.8739481
1.2	0.8741014
1.201	0.8739418
1.202	0.8741032
1.203	0.8741367
1.204	0.8739622
1.205	0.8738874
1.206	0.873993
1.207	0.8741979
1.208	0.874046
1.209	0.8741403
1.21	0.8740888
1.211	0.8741832
1.212	0.8741164
1.213	0.8740811
1.214	0.8739942
1.215	0.874163
1.216	0.8742983
1.217	0.8744021
1.218	0.8743938
1.219	0.8741976
1.22	0.8742845
1.221	0.8741711
1.222	0.874189
1.223	0.8742079
1.224	0.8743108
1.225	0.8743393
1.226	0.8743522
1.227	0.8744002
1.228	0.8743096
1.229	0.8744228
1.23	0.8744035
1.231	0.8743309
1.232	0.874373
1.233	0.8744902
1.234	0.8744331
1.235	0.874248
1.236	0.8741193
1.237	0.8742011
1.238	0.8742213
1.239	0.8742205
1.24	0.8742189
1.241	0.8742734
1.242	0.8744526
1.243	0.8744864
1.244	0.8744948
1.245	0.8745262
1.246	0.8746441
1.247	0.8747312
1.248	0.8747148
1.249	0.8745376
1.25	0.8744339
1.251	0.8745594
1.252	0.8745257
1.253	0.8744754
1.254	0.8744029
1.255	0.8745306
1.256	0.8747501
1.257	0.8747723
1.258	0.8747683
1.259	0.8746138
1.26	0.8745128
1.261	0.874538
1.262	0.874557
1.263	0.8745707
1.264	0.8745773
1.265	0.8746523
1.266	0.8746795
1.267	0.8746203
1.268	0.8745204
1.269	0.8746095
1.27	0.8746752
1.271	0.8747829
1.272	0.8748128
1.273	0.8747339
1.274	0.8746376
1.275	0.8746462
1.276	0.8747497
1.277	0.8747581
1.278	0.8747773
1.279	0.8747281
1.28	0.8748828
1.281	0.8750131
1.282	0.8750253
1.283	0.8750159
1.284	0.8750777
1.285	0.874999
1.286	0.8748376
1.287	0.8748743
1.288	0.8749432
1.289	0.8749026
1.29	0.8748146
1.291	0.8747395
1.292	0.8747053
1.293	0.874754
1.294	0.8747152
1.295	0.8748654
1.296	0.8749149
1.297	0.8749051
1.298	0.8750799
1.299	0.8749276
1.3	0.8748304
1.301	0.8749848
1.302	0.8748818
1.303	0.8747608
1.304	0.874724
1.305	0.8746122
1.306	0.8746015
1.307	0.8746319
1.308	0.8747893
1.309	0.8746978
1.31	0.8746841
1.311	0.8746783
1.312	0.8746592
1.313	0.8748064
1.314	0.8747747
1.315	0.8747674
1.316	0.8749061
1.317	0.8747977
1.318	0.8748834
1.319	0.874914
1.32	0.8750084
1.321	0.8749992
1.322	0.8748566
1.323	0.8749082
1.324	0.8749171
1.325	0.8748509
1.326	0.8748058
1.327	0.874842
1.328	0.8748144
1.329	0.8749721
1.33	0.8750853
1.331	0.87518
1.332	0.8750525
1.333	0.8750468
1.334	0.8750935
1.335	0.8747756
1.336	0.8746474
1.337	0.8748653
1.338	0.8750279
1.339	0.8750777
1.34	0.8750564
1.341	0.874832
1.342	0.8750375
1.343	0.8750281
1.344	0.8750143
1.345	0.8749715
1.346	0.8749679
1.347	0.8750325
1.348	0.8751285
1.349	0.8754795
1.35	0.8751708
1.351	0.8748501
1.352	0.874855
1.353	0.8747293
1.354	0.8751183
1.355	0.8752586
1.356	0.8752293
1.357	0.8752849
1.358	0.8750917
1.359	0.8746791
1.36	0.874881
1.361	0.8747443
1.362	0.8750267
1.363	0.875088
1.364	0.8750285
1.365	0.8746732
1.366	0.8748268
1.367	0.8749541
1.368	0.8749054
1.369	0.8745895
1.37	0.874702
1.371	0.8749021
1.372	0.8750841
1.373	0.8750288
1.374	0.8751611
1.375	0.8752913
1.376	0.8753842
1.377	0.8754932
1.378	0.8748563
1.379	0.8749634
1.38	0.8747581
1.381	0.8746236
1.382	0.8748027
1.383	0.8750284
1.384	0.8754679
1.385	0.8749486
1.386	0.8748879
1.387	0.8751084
1.388	0.8752811
1.389	0.8749022
1.39	0.8747616
1.391	0.8749814
1.392	0.8751352
1.393	0.8747457
1.394	0.8749164
1.395	0.8747728
1.396	0.8753056
1.397	0.874986
1.398	0.8745589
1.399	0.8751522
1.4	0.8751225
1.401	0.8747927
1.402	0.8749842
1.403	0.8750478
1.404	0.8750604
1.405	0.875144
1.406	0.8750704
1.407	0.8749313
1.408	0.8750201
1.409	0.87523
1.41	0.8750135
1.411	0.8749783
1.412	0.8750044
1.413	0.8751754
1.414	0.8749857
1.415	0.8751689
1.416	0.8749009
1.417	0.8752085
1.418	0.8750497
1.419	0.8750122
1.42	0.8750258
1.421	0.8752569
1.422	0.8751424
1.423	0.8750788
1.424	0.8754717
1.425	0.8752715
1.426	0.8750237
1.427	0.8749934
1.428	0.875074
1.429	0.8750741
1.43	0.8753156
1.431	0.8751216
1.432	0.8749072
1.433	0.874951
1.434	0.8752066
1.435	0.875045
1.436	0.8752269
1.437	0.8750187
1.438	0.8752396
1.439	0.8750973
1.44	0.8751906
1.441	0.8750936
1.442	0.8751793
1.443	0.8751618
1.444	0.8751743
1.445	0.8755111
1.446	0.8754655
1.447	0.8753386
1.448	0.8751985
1.449	0.8752265
1.45	0.8749993
1.451	0.8751481
1.452	0.8749746
1.453	0.875109
1.454	0.8748795
1.455	0.8750635
1.456	0.8749377
1.457	0.8753815
1.458	0.8752766
1.459	0.8751713
1.46	0.8752081
1.461	0.8750494
1.462	0.874992
1.463	0.8753253
1.464	0.8753448
1.465	0.87524
1.466	0.8751799
1.467	0.8751292
1.468	0.8754063
1.469	0.8749614
1.47	0.8752177
1.471	0.8750272
1.472	0.8753796
1.473	0.8751015
1.474	0.8756018
1.475	0.8751512
1.476	0.8752657
1.477	0.8752199
1.478	0.8751887
1.479	0.8755395
1.48	0.8752328
1.481	0.8752903
1.482	0.8752771
1.483	0.8751437
1.484	0.8752348
1.485	0.8752842
1.486	0.8754087
1.487	0.8751445
1.488	0.8752675
1.489	0.875131
1.49	0.87526
1.491	0.874949
1.492	0.8753103
1.493	0.8751482
1.494	0.8753271
1.495	0.8752599
1.496	0.8754077
1.497	0.8753232
1.498	0.8751997
1.499	0.8751035
1.5	0.8751796
1.501	0.8751288
1.502	0.8752189
1.503	0.875303
1.504	0.8753885
1.505	0.8753513
1.506	0.8753196
1.507	0.8751935
1.508	0.874983
1.509	0.8752655
1.51	0.8751779
1.511	0.8748598
1.512	0.8750774
1.513	0.8752634
1.514	0.8752482
1.515	0.8752699
1.516	0.8752917
1.517	0.8753286
1.518	0.8753357
1.519	0.8752271
1.52	0.8751446
1.521	0.8751914
1.522	0.8751475
1.523	0.8753631
1.524	0.8752733
1.525	0.8749843
1.526	0.875231
1.527	0.8752163
1.528	0.8752352
1.529	0.8751373
1.53	0.8754302
1.531	0.875297
1.532	0.8754898
1.533	0.8753685
1.534	0.8753607
1.535	0.8751886
1.536	0.8752879
1.537	0.8751312
1.538	0.8753392
1.539	0.8752383
1.54	0.8754544
1.541	0.8756791
1.542	0.8753052
1.543	0.8752436
1.544	0.8754452
1.545	0.8756136
1.546	0.8755636
1.547	0.8754667
1.548	0.8752031
1.549	0.8753794
1.55	0.8752366
1.551	0.8751846
1.552	0.8750172
1.553	0.8751508
1.554	0.8752875
1.555	0.8752729
1.556	0.8752432
1.557	0.8752186
1.558	0.8751584
1.559	0.8750731
1.56	0.8750876
1.561	0.8750934
1.562	0.8752081
1.563	0.8752334
1.564	0.8751587
1.565	0.8751326
1.566	0.8752957
1.567	0.8753644
1.568	0.8751242
1.569	0.8752091
1.57	0.8751604
1.571	0.8752043
1.572	0.8751538
1.573	0.8751823
1.574	0.8751895
1.575	0.8751349
1.576	0.8752707
1.577	0.8751331
1.578	0.8752143
1.579	0.8750456
1.58	0.8752907
1.581	0.87517
1.582	0.8752303
1.583	0.8750999
1.584	0.8751909
1.585	0.875257
1.586	0.875388
1.587	0.8752913
1.588	0.8753277
1.589	0.8751313
1.59	0.8751458
1.591	0.8752248
1.592	0.8752115
1.593	0.8753211
1.594	0.8754157
1.595	0.8752553
1.596	0.8750173
1.597	0.8750328
1.598	0.8750818
1.599	0.8750581
1.6	0.8752302
1.601	0.875418
1.602	0.8754866
1.603	0.875436
1.604	0.8753642
1.605	0.8751932
1.606	0.8751514
1.607	0.8752317
1.608	0.8751801
1.609	0.8751363
1.61	0.8751454
1.611	0.8752075
1.612	0.8751875
1.613	0.8751239
1.614	0.8752722
1.615	0.8753715
1.616	0.875373
1.617	0.8753724
1.618	0.8754415
1.619	0.8753519
1.62	0.8753164
1.621	0.8753226
1.622	0.8753408
1.623	0.8753138
1.624	0.8753759
1.625	0.8753329
1.626	0.8752635
1.627	0.8753758
1.628	0.8754012
1.629	0.8753795
1.63	0.8753505
1.631	0.8754371
1.632	0.87538
1.633	0.8753576
1.634	0.8753494
1.635	0.8754726
1.636	0.8754833
1.637	0.875556
1.638	0.8756121
1.639	0.8756318
1.64	0.8755175
1.641	0.8754267
1.642	0.8754318
1.643	0.8753702
1.644	0.8754082
1.645	0.8754761
1.646	0.8755357
1.647	0.8754305
1.648	0.8753313
1.649	0.8754036
1.65	0.8753893
1.651	0.875356
1.652	0.8753424
1.653	0.8753814
1.654	0.8754057
1.655	0.8755366
1.656	0.8754733
1.657	0.8754204
1.658	0.8754752
1.659	0.875589
1.66	0.8757158
1.661	0.8757237
1.662	0.8756641
1.663	0.8755769
1.664	0.8755183
1.665	0.8754893
1.666	0.875488
1.667	0.8756163
1.668	0.8757244
1.669	0.8755673
1.67	0.8755837
1.671	0.8756203
1.672	0.8756428
1.673	0.875675
1.674	0.8755962
1.675	0.8756404
1.676	0.8756547
1.677	0.875537
1.678	0.8755283
1.679	0.8756397
1.68	0.8757343
1.681	0.8756972
1.682	0.875628
1.683	0.875629
1.684	0.8757618
1.685	0.8757165
1.686	0.8756467
1.687	0.8756201
1.688	0.8757654
1.689	0.8758276
1.69	0.8758298
1.691	0.8757222
1.692	0.8757828
1.693	0.8757708
1.694	0.8758768
1.695	0.8756542
1.696	0.8754859
1.697	0.8755931
1.698	0.8755657
1.699	0.8757631
1.7	0.8758504
1.701	0.875817
1.702	0.875744
1.703	0.8757186
1.704	0.8755786
1.705	0.8757555
1.706	0.8757392
1.707	0.8758489
1.708	0.8756338
1.709	0.8754843
1.71	0.8756336
1.711	0.8756499
1.712	0.8758331
1.713	0.875727
1.714	0.875733
1.715	0.8756957
1.716	0.8757203
1.717	0.8756881
1.718	0.8757958
1.719	0.8756891
1.72	0.8755916
1.721	0.8756827
1.722	0.8757197
1.723	0.8758673
1.724	0.8757383
1.725	0.8759903
1.726	0.8758165
1.727	0.8759752
1.728	0.8758771
1.729	0.8758003
1.73	0.8758205
1.731	0.8759247
1.732	0.8758762
1.733	0.87592
1.734	0.8759188
1.735	0.8758153
1.736	0.8756304
1.737	0.8757238
1.738	0.8758333
1.739	0.8758794
1.74	0.8756954
1.741	0.8758955
1.742	0.8758461
1.743	0.8759576
1.744	0.8756893
1.745	0.8758704
1.746	0.8758008
1.747	0.8759561
1.748	0.8760221
1.749	0.8760297
1.75	0.8760163
1.751	0.8760566
1.752	0.8761239
1.753	0.8758934
1.754	0.8759149
1.755	0.8759348
1.756	0.8760973
1.757	0.8759084
1.758	0.8758343
1.759	0.8756067
1.76	0.8757173
1.761	0.8757274
1.762	0.8757191
1.763	0.875852
1.764	0.8758279
1.765	0.8759291
1.766	0.876073
1.767	0.8759753
1.768	0.8758449
1.769	0.8757389
1.77	0.875971
1.771	0.875976
1.772	0.8762699
1.773	0.8760392
1.774	0.8761812
1.775	0.8761962
1.776	0.8761385
1.777	0.8759594
1.778	0.8758891
1.779	0.8761131
1.78	0.8764641
1.781	0.8766642
1.782	0.8761994
1.783	0.8758146
1.784	0.8759692
1.785	0.8761075
1.786	0.8760835
1.787	0.8764171
1.788	0.8763632
1.789	0.8764572
1.79	0.8764224
1.791	0.8763737
1.792	0.8763105
1.793	0.8766216
1.794	0.8763903
1.795	0.8762284
1.796	0.87629
1.797	0.8762216
1.798	0.8763045
1.799	0.8761887
1.8	0.8765286
1.801	0.8764441
1.802	0.8765897
1.803	0.8763925
1.804	0.8764014
1.805	0.8763426
1.806	0.8767231
1.807	0.876393
1.808	0.8764876
1.809	0.8762254
1.81	0.8763172
1.811	0.8763955
1.812	0.8765405
1.813	0.8763725
1.814	0.8763848
1.815	0.8765135
1.816	0.8763966
1.817	0.8766538
1.818	0.8760024
1.819	0.8762688
1.82	0.8764726
1.821	0.8768199
1.822	0.8763895
1.823	0.8767455
1.824	0.8760445
1.825	0.8764431
1.826	0.8764337
1.827	0.8763693
1.828	0.87644
1.829	0.8766885
1.83	0.8767418
1.831	0.8770921
1.832	0.8766658
1.833	0.8761801
1.834	0.8759958
1.835	0.8764873
1.836	0.8763271
1.837	0.8758024
1.838	0.8762135
1.839	0.8766359
1.84	0.8769581
1.841	0.876986
1.842	0.877188
1.843	0.8760139
1.844	0.8760656
1.845	0.8761923
1.846	0.8757522
1.847	0.8767153
1.848	0.876827
1.849	0.876147
1.85	0.8767882
1.851	0.8764076
1.852	0.8765436
1.853	0.876712
1.854	0.8765593
1.855	0.8764771
1.856	0.8762712
1.857	0.8764434
1.858	0.876654
1.859	0.8766057
1.86	0.8768722
1.861	0.8769007
1.862	0.8768216
1.863	0.8765419
1.864	0.8766218
1.865	0.8765363
1.866	0.8764361
1.867	0.8761638
1.868	0.8759599
1.869	0.8765127
1.87	0.8762938
1.871	0.8766224
1.872	0.8765715
1.873	0.8766061
1.874	0.8763454
1.875	0.8767273
1.876	0.8767895
1.877	0.8770753
1.878	0.8768542
1.879	0.876822
1.88	0.8765865
1.881	0.8769797
1.882	0.8767965
1.883	0.8770956
1.884	0.8771568
1.885	0.8772062
1.886	0.8771154
1.887	0.8766584
1.888	0.8764636
1.889	0.8764641
1.89	0.8766691
1.891	0.8769917
1.892	0.8769299
1.893	0.8772211
1.894	0.8769482
1.895	0.876964
1.896	0.8765109
1.897	0.8767133
1.898	0.8766482
1.899	0.8771104
1.9	0.8769093
1.901	0.8767146
1.902	0.8768
1.903	0.8771688
1.904	0.8771085
1.905	0.8772126
1.906	0.8771084
1.907	0.8769874
1.908	0.87688
1.909	0.8768689
1.91	0.8771433
1.911	0.8772381
1.912	0.8774957
1.913	0.8774518
1.914	0.8772595
1.915	0.8769676
1.916	0.8769304
1.917	0.8771153
1.918	0.8771238
1.919	0.8770494
1.92	0.8769464
1.921	0.8771944
1.922	0.8769253
1.923	0.8770465
1.924	0.8769735
1.925	0.8769581
1.926	0.876973
1.927	0.8772228
1.928	0.8776652
1.929	0.8774453
1.93	0.8775504
1.931	0.8775692
1.932	0.8773158
1.933	0.8775442
1.934	0.8775457
1.935	0.8775069
1.936	0.8773812
1.937	0.8773327
1.938	0.8775314
1.939	0.8777583
1.94	0.8778291
1.941	0.8776081
1.942	0.8776808
1.943	0.8775714
1.944	0.877287
1.945	0.8776406
1.946	0.8778059
1.947	0.87759
1.948	0.8775039
1.949	0.8778211
1.95	0.8776715
1.951	0.8777608
1.952	0.8778749
1.953	0.8779369
1.954	0.8780301
1.955	0.8778375
1.956	0.8778771
1.957	0.878205
1.958	0.8780185
1.959	0.8780072
1.96	0.8780348
1.961	0.8778202
1.962	0.8780723
1.963	0.8782072
1.964	0.8781554
1.965	0.8784845
1.966	0.8782037
1.967	0.8781514
1.968	0.8782499
1.969	0.8781868
1.97	0.8780435
1.971	0.8781295
1.972	0.8783158
1.973	0.8783808
1.974	0.8784444
1.975	0.8784011
1.976	0.8784637
1.977	0.8784024
1.978	0.8784015
1.979	0.8782807
1.98	0.8783668
1.981	0.8782994
1.982	0.8782557
1.983	0.8781005
1.984	0.8780969
1.985	0.8781004
1.986	0.8780641
1.987	0.8781523
1.988	0.8782704
1.989	0.8783694
1.99	0.8784891
1.991	0.8786175
1.992	0.8785818
1.993	0.8784558
1.994	0.8785001
1.995	0.8785253
1.996	0.8785177
1.997	0.8785056
1.998	0.8784678
1.999	0.8784876
2.00007	0.8685906
2.00994	0.8716386
2.0201	0.8723872
2.02997	0.8689518
2.03984	0.8674583
2.04998	0.8719531
2.05984	0.8749624
2.06999	0.871698
2.07984	0.8699444
2.08997	0.8715839
2.09982	0.8705905
2.10995	0.8716973
2.11979	0.8744751
2.12991	0.869184
2.13975	0.8678485
2.14986	0.8691792
2.15969	0.8722963
2.1698	0.8700324
2.17962	0.8728302
2.18972	0.8716201
2.19954	0.8750726
2.20963	0.873161
2.21972	0.8804108
2.22953	0.8701236
2.23961	0.8738945
2.24969	0.8731068
2.25949	0.8716278
2.26956	0.8724281
2.27963	0.8737438
2.28942	0.8716511
2.29948	0.8762021
2.30954	0.8761018
2.31959	0.8811508
2.32936	0.8737718
2.33941	0.8759445
2.34945	0.8727067
2.35949	0.8763414
2.36925	0.8742436
2.37928	0.8716305
2.38931	0.8756635
2.39934	0.8747982
2.40936	0.8715555
2.41938	0.8785355
2.42939	0.8762249
2.4394	0.8773682
2.44913	0.8745294
2.45913	0.8703208
2.46913	0.8735584
2.47912	0.8741752
2.48911	0.8787421
2.4991	0.8736659
2.50908	0.8768383
2.51906	0.871898
2.52903	0.8733405
2.53901	0.8765712
2.54897	0.8788031
2.55893	0.8716526
2.56917	0.8795052
2.57912	0.8704731
2.58907	0.8805593
2.59902	0.8762671
2.60896	0.8809194
2.6189	0.8762802
2.62883	0.8707419
2.63904	0.8832855
2.64897	0.8791812
2.65889	0.8827513
2.6688	0.8716549
2.67899	0.8722118
2.6889	0.8801016
2.69881	0.8714811
2.70871	0.8709548
2.71888	0.8717668
2.72877	0.8748845
2.73865	0.8836441
2.74881	0.8778594
2.75869	0.8772519
2.76884	0.8691545
2.77871	0.8805455
2.78857	0.8689927
2.79871	0.8738231
2.80856	0.8728358
2.81869	0.8732026
2.82853	0.8717396
2.83865	0.8738626
2.84849	0.8746877
2.85859	0.8733089
2.86842	0.8778101
2.87852	0.8750245
2.88861	0.8835501
2.89843	0.8762734
2.90851	0.8751131
2.91859	0.8764186
2.92839	0.8787412
2.93846	0.8712102
2.94852	0.8711919
2.95831	0.8721864
2.96836	0.8751079
2.97841	0.8750387
2.98845	0.8798037
2.99822	0.8760936
3.00826	0.8742018
3.01828	0.8727731
3.02831	0.8752657
3.03833	0.8754587
3.04834	0.8743759
3.05835	0.8794773
3.06835	0.8702485
3.07808	0.8785992
3.08808	0.8697264
3.09806	0.8690418
3.10805	0.8714357
3.11802	0.8702131
3.128	0.8821848
3.13823	0.8801751
3.1482	0.8783131
3.15815	0.8783897
3.1681	0.8731311
3.17805	0.8787905
3.18799	0.8787876
3.19793	0.8789818
3.20786	0.875719
3.21805	0.8829035
3.22797	0.8848016
3.23789	0.8774261
3.24779	0.8734143
3.25796	0.881878
3.26786	0.8742376
3.27775	0.8816776
3.28791	0.8783559
3.29779	0.879246
3.30793	0.8790896
3.3178	0.8806682
3.32767	0.8810878
3.33779	0.8763051
3.34765	0.8816064
3.35776	0.8794283
3.3676	0.8840171
3.3777	0.8782103
3.3878	0.8802863
3.39762	0.8742916
3.40771	0.8827964
3.41752	0.8757724
3.42759	0.8762319
3.43766	0.8752224
3.44746	0.8750411
3.45751	0.876795
3.46756	0.8794485
3.4776	0.8759905
3.48764	0.8829913
3.4974	0.878099
3.50743	0.8810015
3.51745	0.8788223
3.52746	0.8744891
3.53746	0.8764067
3.54746	0.8759494
3.55746	0.877456
3.56744	0.8730089
3.57742	0.8771058
3.5874	0.8875391
3.59736	0.8810664
3.60733	0.870196
3.61728	0.8769669
3.62723	0.8760223
3.63717	0.8743385
3.64737	0.8825215
3.6573	0.8733585
3.66722	0.8889573
3.67714	0.8767734
3.68731	0.8733658
3.69721	0.876073
3.70711	0.8864138
3.71726	0.8720977
3.72714	0.8721694
3.73702	0.8736195
3.74715	0.8839536
3.75702	0.8673491
3.76713	0.8818542
3.77698	0.8816237
3.78709	0.8734795
3.79692	0.8669058
3.80701	0.8788043
3.81709	0.8670979
3.82691	0.8732652
3.83698	0.8705493
3.84704	0.8831727
3.85683	0.8718027
3.86688	0.875182
3.87692	0.873233
3.88695	0.8758724
3.89672	0.8684576
3.90674	0.8667313
3.91675	0.8659081
3.92675	0.862822
3.93675	0.8664809
3.94674	0.8706484
3.95672	0.8562522
3.96669	0.8692118
3.97666	0.8673434
3.98662	0.8707762
3.99657	0.8732039
4.00677	0.8670508
4.01671	0.8639215
4.02664	0.8555163
4.03656	0.8616087
4.04648	0.8747711
4.05664	0.8560399
4.06654	0.8706434
4.07643	0.8676463
4.08657	0.8686075
4.09644	0.8650714
4.10656	0.8689984
4.11643	0.8698533
4.12653	0.8567126
4.13638	0.8553713
4.14647	0.8438302
4.1563	0.8557612
4.16637	0.8532434
4.17644	0.8567803
4.18625	0.8506604
4.1963	0.8500513
4.20634	0.831321
4.21637	0.832566
4.2264	0.8366707
4.23616	0.8755983
4.24617	0.8569685
4.25617	0.8302097
4.26617	0.8103534
4.27615	0.829717
4.28613	0.8364983
4.29609	0.8527278
4.30605	0.8614536
4.31625	0.8296226
4.3262	0.8227
4.33613	0.8155125
4.34606	0.8135812
4.35597	0.8183648
4.36613	0.8130472
4.37603	0.8082783
4.38592	0.8155183
4.39605	0.8079746
4.40592	0.8065113
4.41603	0.8052761
4.42589	0.8043041
4.43598	0.8005619
4.44582	0.7913104
4.4559	0.7967151
4.46597	0.7883666
4.47578	0.7878689
4.48583	0.7776074
4.49587	0.7702062
4.5059	0.7694172
4.51592	0.7683228
4.52568	0.7723736
4.53569	0.7639281
4.54568	0.7650003
4.55567	0.7660776
4.56564	0.7574842
4.57561	0.7584957
4.5858	0.7443786
4.59575	0.7394727
4.60569	0.7411669
4.61562	0.7363549
4.62553	0.7291082
4.63568	0.7346813
4.64558	0.7184042
4.65547	0.7176752
4.66559	0.7146485
4.67546	0.7119912
4.68556	0.7064099
4.69541	0.6916525
4.7055	0.6902828
4.71557	0.6929816
4.72539	0.6840195
4.73544	0.6817811
4.74548	0.6760093
4.75551	0.6761215
4.76529	0.6642167
4.7753	0.6577422
4.7853	0.6590022
4.79529	0.6523543
4.80527	0.6506922
4.81524	0.6426925
4.8252	0.6415376
4.83538	0.628903
4.84532	0.622032
4.85525	0.6153218
4.86516	0.6157267
4.87531	0.6079642
4.8852	0.6125411
4.89509	0.5974347
4.9052	0.5903227
4.91506	0.5905839
4.92515	0.5830914
4.93499	0.5819533
4.94506	0.5768163
4.95511	0.5815915
4.96516	0.5669143
4.97495	0.5634741
4.98498	0.5500769
4.99499	0.5502847
5.00476	0.5548202
