# Wavelength (µm)	QE
0.72103	0.039456177
0.72199	0.044150827
0.72303	0.033590285
0.72399	0.036281239
0.72503	0.053589405
0.72599	0.032214889
0.72702	0.037615276
0.72798	0.040979409
0.72902	0.041854981
0.72998	0.043153819
0.73102	0.027032735
0.73198	0.035380148
0.73301	0.038899155
0.73397	0.038722281
0.73501	0.0387346
0.73597	0.039013552
0.737	0.04001408
0.73796	0.039151707
0.739	0.039780007
0.74003	0.039637452
0.74099	0.039186026
0.74203	0.039538015
0.74299	0.039120908
0.74402	0.03969641
0.74498	0.040362548
0.74602	0.040272791
0.74698	0.039721049
0.74801	0.038662443
0.74897	0.039129708
0.75001	0.039528335
0.75096	0.04001232
0.752	0.040364308
0.75303	0.040252552
0.75399	0.040050158
0.75502	0.040495424
0.75598	0.040100317
0.75702	0.040290391
0.75798	0.039834565
0.75901	0.040293911
0.75997	0.040335269
0.761	0.040343189
0.76203	0.039500176
0.76299	0.03967969
0.76403	0.039718409
0.76498	0.040227033
0.76602	0.041182682
0.76698	0.040982049
0.76801	0.04156283
0.76897	0.041499472
0.77	0.041113164
0.77103	0.041492432
0.77199	0.041684266
0.77302	0.042484161
0.77398	0.042613516
0.77501	0.043337733
0.77597	0.043340373
0.777	0.043826998
0.77803	0.043856037
0.77899	0.0443893
0.78002	0.044650651
0.78098	0.046390356
0.78201	0.049975361
0.78297	0.055241992
0.784	0.059112108
0.78503	0.065388948
0.78599	0.074631292
0.78702	0.08282559
0.78797	0.090531503
0.78901	0.098336853
0.79004	0.10749736
0.79099	0.116816262
0.79202	0.126759944
0.79298	0.137671595
0.79401	0.148460049
0.79497	0.156450194
0.796	0.165733897
0.79703	0.174868004
0.79798	0.184354101
0.79901	0.195028159
0.79997	0.206467793
0.801	0.217599437
0.80203	0.228220697
0.80298	0.238709961
0.80401	0.250607181
0.80497	0.262046815
0.806	0.272456881
0.80703	0.280605421
0.80798	0.287434002
0.80901	0.297104893
0.80997	0.301064766
0.811	0.303599085
0.81203	0.306854981
0.81298	0.310867652
0.81401	0.314281943
0.81496	0.315909891
0.81599	0.31687786
0.81702	0.318162619
0.81798	0.320784935
0.819	0.322949666
0.82003	0.326645547
0.82099	0.330165435
0.82201	0.33532207
0.82297	0.337346005
0.824	0.340179514
0.82502	0.339836325
0.82598	0.342573038
0.82701	0.344244984
0.82803	0.345538543
0.82899	0.346673706
0.83001	0.347008096
0.83097	0.347615276
0.83199	0.348240056
0.83302	0.349260824
0.83398	0.349278423
0.835	0.352375924
0.83603	0.35405667
0.83698	0.354575854
0.83801	0.356388596
0.83904	0.359618092
0.83999	0.361923618
0.84102	0.364475537
0.84197	0.366508272
0.84299	0.365813094
0.84402	0.36624428
0.84497	0.368532207
0.846	0.368620204
0.84702	0.367300246
0.84798	0.368497008
0.849	0.368892995
0.85003	0.36970257
0.85098	0.368892995
0.85201	0.36935938
0.85303	0.371057726
0.85398	0.371409715
0.85501	0.371594509
0.85603	0.371462513
0.85698	0.371937698
0.85801	0.373090461
0.85903	0.373002464
0.85998	0.373257656
0.86101	0.373407251
0.86203	0.374876804
0.86298	0.375087997
0.86401	0.374973601
0.86503	0.375871172
0.86598	0.376891939
0.86701	0.377085533
0.86803	0.37780711
0.86898	0.378308694
0.87001	0.377411123
0.87103	0.377877508
0.87198	0.377763112
0.873	0.377622316
0.87403	0.377631116
0.87498	0.378018303
0.876	0.378027103
0.87702	0.377974305
0.87797	0.377886308
0.879	0.377745512
0.88002	0.379646251
0.88097	0.38030623
0.88199	0.380816614
0.88301	0.380385428
0.88404	0.380130236
0.88498	0.38064062
0.88601	0.380860612
0.88703	0.381151003
0.88798	0.381687786
0.889	0.380491024
0.89002	0.379778247
0.89097	0.379655051
0.89199	0.380227033
0.89302	0.379223865
0.89404	0.379707849
0.89498	0.381458993
0.89601	0.382294967
0.89703	0.383931714
0.89798	0.384512496
0.899	0.38344773
0.90002	0.383078141
0.90097	0.383623724
0.90199	0.383562126
0.90301	0.383280535
0.90403	0.383667723
0.90497	0.382620556
0.906	0.383025343
0.90702	0.382902147
0.90804	0.382726153
0.90898	0.382937346
0.91	0.382356565
0.91102	0.382233369
0.91197	0.381934178
0.91299	0.382118972
0.91401	0.383025343
0.91503	0.384090109
0.91598	0.383711721
0.91699	0.38406371
0.91801	0.385832453
0.91903	0.386131644
0.91998	0.385858853
0.921	0.386017247
0.92202	0.386026047
0.92304	0.386694826
0.92398	0.388023583
0.925	0.389528335
0.92602	0.39030271
0.92697	0.391481873
0.92798	0.392449842
0.929	0.392643435
0.93002	0.393224217
0.93096	0.392881028
0.93198	0.393558606
0.933	0.393761
0.93402	0.393673002
0.93504	0.393901795
0.93598	0.393892995
0.937	0.394632172
0.93802	0.393699402
0.93903	0.39310982
0.93998	0.392793031
0.94099	0.393523407
0.94201	0.393197818
0.94303	0.392740232
0.94397	0.392713833
0.94499	0.392097853
0.94601	0.392009856
0.94702	0.392370644
0.94797	0.392837029
0.94898	0.393356213
0.95	0.394544175
0.95101	0.395054558
0.95203	0.39594333
0.95297	0.396717705
0.95399	0.397263288
0.955	0.398292855
0.95602	0.399894403
0.95703	0.400739176
0.95798	0.401830341
0.95899	0.402947906
0.96001	0.403238296
0.96102	0.403871876
0.96197	0.40404787
0.96298	0.405165435
0.96399	0.405684618
0.96501	0.405895811
0.96602	0.405447026
0.96697	0.405737416
0.96798	0.405702218
0.96899	0.404848645
0.97001	0.404523055
0.97102	0.404083069
0.97196	0.403493488
0.97298	0.403819078
0.97399	0.403845477
0.97501	0.402956705
0.97602	0.402419923
0.97703	0.401962337
0.97797	0.402375924
0.97899	0.402692714
0.98	0.402921507
0.98101	0.403528687
0.98203	0.403819078
0.98297	0.404971841
0.98398	0.406107005
0.98499	0.407418163
0.986	0.408702922
0.98702	0.40999648
0.98803	0.411483633
0.98897	0.412847589
0.98998	0.414158747
0.99099	0.415161915
0.992	0.416402675
0.99302	0.417625836
0.99403	0.419192186
0.99497	0.420529743
0.99598	0.421506512
0.99699	0.422060894
0.998	0.422395283
0.99901	0.422342485
1	0.42249208
1.001	0.422914467
1.002	0.423037663
1.003	0.422606477
1.004	0.42220169
1.005	0.421612108
1.006	0.421136924
1.007	0.421312918
1.008	0.42061774
1.009	0.41936818
1.01	0.418884196
1.011	0.418145019
1.012	0.417555438
1.013	0.417353045
1.014	0.417449842
1.015	0.416948258
1.016	0.417907427
1.017	0.417977825
1.018	0.418532207
1.019	0.419174586
1.02	0.419649771
1.021	0.421022527
1.022	0.422087293
1.023	0.42312566
1.024	0.424392819
1.025	0.425783175
1.026	0.427411123
1.027	0.429091869
1.028	0.43064062
1.029	0.432523759
1.03	0.434169307
1.031	0.435383668
1.032	0.436466033
1.033	0.437451602
1.034	0.439141147
1.035	0.440408307
1.036	0.441420275
1.037	0.442529039
1.038	0.442405843
1.039	0.442133052
1.04	0.442379444
1.041	0.441631468
1.042	0.441094685
1.043	0.440901091
1.044	0.440267511
1.045	0.440276311
1.046	0.439563534
1.047	0.439167547
1.048	0.438533967
1.049	0.437733193
1.05	0.437302006
1.051	0.436923618
1.052	0.436316438
1.053	0.43594685
1.054	0.435656459
1.055	0.435374868
1.056	0.435146075
1.057	0.435198874
1.058	0.43563886
1.059	0.435700458
1.06	0.435858853
1.061	0.436765224
1.062	0.437662795
1.063	0.438868356
1.064	0.440100317
1.065	0.441657867
1.066	0.443461809
1.067	0.445212953
1.068	0.44656811
1.069	0.448354453
1.07	0.449894403
1.071	0.451275959
1.072	0.452516719
1.073	0.454250264
1.074	0.455807814
1.075	0.456802182
1.076	0.457602957
1.077	0.458368532
1.078	0.459257304
1.079	0.459864484
1.08	0.460823654
1.081	0.461747624
1.082	0.461800422
1.083	0.461589229
1.084	0.461694826
1.085	0.46155403
1.086	0.461034847
1.087	0.460366068
1.088	0.459706089
1.089	0.459107709
1.09	0.458280535
1.091	0.457347765
1.092	0.456538191
1.093	0.455649419
1.094	0.454954241
1.095	0.454171067
1.096	0.453599085
1.097	0.45344949
1.098	0.452851109
1.099	0.452719113
1.1	0.452754312
1.101	0.452675114
1.102	0.453079901
1.103	0.453220697
1.104	0.453713481
1.105	0.453951074
1.106	0.454267863
1.107	0.455174234
1.108	0.456318198
1.109	0.457690954
1.11	0.458966913
1.111	0.460357269
1.112	0.461545231
1.113	0.463146779
1.114	0.464853925
1.115	0.466217881
1.116	0.467361844
1.117	0.468717001
1.118	0.47031855
1.119	0.471700106
1.12	0.473468849
1.121	0.474903203
1.122	0.475783175
1.123	0.476786343
1.124	0.477587117
1.125	0.478625484
1.126	0.479531855
1.127	0.480332629
1.128	0.481177402
1.129	0.481335797
1.13	0.481326998
1.131	0.481239
1.132	0.481511792
1.133	0.481370996
1.134	0.480799014
1.135	0.480834213
1.136	0.480570222
1.137	0.480130236
1.138	0.479567054
1.139	0.479127068
1.14	0.478669483
1.141	0.478502288
1.142	0.478000704
1.143	0.477164731
1.144	0.476733545
1.145	0.475809574
1.146	0.475290391
1.147	0.474956001
1.148	0.474392819
1.149	0.47437522
1.15	0.473979233
1.151	0.473803238
1.152	0.473891235
1.153	0.473556846
1.154	0.474304822
1.155	0.475149595
1.156	0.476223161
1.157	0.477067934
1.158	0.477912707
1.159	0.478863076
1.16	0.479479057
1.161	0.480429426
1.162	0.481916579
1.163	0.48313094
1.164	0.484442098
1.165	0.485806054
1.166	0.487284407
1.167	0.488701162
1.168	0.490716297
1.169	0.492326646
1.17	0.493945794
1.171	0.495204153
1.172	0.496779303
1.173	0.498090461
1.174	0.499322422
1.175	0.500677578
1.176	0.501513552
1.177	0.501927138
1.178	0.502463921
1.179	0.502657515
1.18	0.502639916
1.181	0.502296727
1.182	0.502023935
1.183	0.501627948
1.184	0.501443154
1.185	0.50093277
1.186	0.500422386
1.187	0.499780007
1.188	0.49906723
1.189	0.498213657
1.19	0.497316086
1.191	0.496048926
1.192	0.494966561
1.193	0.493637804
1.194	0.491957057
1.195	0.490593101
1.196	0.48968673
1.197	0.487953185
1.198	0.486835621
1.199	0.485234073
1.2	0.483896515
1.201	0.483166139
1.202	0.482101373
1.203	0.481722985
1.204	0.480799014
1.205	0.48029743
1.206	0.480059838
1.207	0.479628652
1.208	0.479540655
1.209	0.479197466
1.21	0.479171067
1.211	0.479083069
1.212	0.479285463
1.213	0.479523055
1.214	0.47968145
1.215	0.480147835
1.216	0.480957409
1.217	0.481714185
1.218	0.48251496
1.219	0.483394931
1.22	0.484178106
1.221	0.484785287
1.222	0.486298838
1.223	0.487390004
1.224	0.488780359
1.225	0.489977121
1.226	0.490909891
1.227	0.492036255
1.228	0.492740232
1.229	0.49344421
1.23	0.494271383
1.231	0.495054558
1.232	0.495802534
1.233	0.49655051
1.234	0.497342485
1.235	0.498028863
1.236	0.498389652
1.237	0.498372052
1.238	0.49843365
1.239	0.498495248
1.24	0.498275255
1.241	0.498213657
1.242	0.497773671
1.243	0.497377684
1.244	0.497016895
1.245	0.496673706
1.246	0.496216121
1.247	0.495415347
1.248	0.494526575
1.249	0.493593805
1.25	0.492687434
1.251	0.491596269
1.252	0.490980289
1.253	0.48999472
1.254	0.489334741
1.255	0.488481169
1.256	0.487328405
1.257	0.486193242
1.258	0.485040479
1.259	0.484142907
1.26	0.48311334
1.261	0.482330165
1.262	0.481722985
1.263	0.481230201
1.264	0.480385428
1.265	0.47968145
1.266	0.479091869
1.267	0.478695882
1.268	0.478299894
1.269	0.4781151
1.27	0.477666315
1.271	0.477578317
1.272	0.477525519
1.273	0.477595917
1.274	0.477622316
1.275	0.477956705
1.276	0.478282295
1.276	0.47874868
1.278	0.479320662
1.279	0.480024639
1.28	0.480746216
1.281	0.481687786
1.282	0.482673354
1.283	0.483614924
1.284	0.484433298
1.285	0.485278071
1.286	0.486228441
1.287	0.487205209
1.288	0.488155579
1.289	0.48938754
1.29	0.490707497
1.291	0.491807462
1.292	0.492837029
1.293	0.493514608
1.294	0.494306582
1.295	0.495468145
1.296	0.496365716
1.297	0.497078493
1.298	0.497738472
1.299	0.498548046
1.3	0.498838437
1.301	0.499313622
1.302	0.499463217
1.303	0.49968321
1.304	0.499762408
1.305	0.499762408
1.306	0.499612812
1.307	0.499287223
1.308	0.499199226
1.309	0.498864836
1.31	0.498688842
1.311	0.498336853
1.312	0.497641675
1.313	0.496708905
1.314	0.49592573
1.315	0.495072158
1.316	0.494218585
1.317	0.493382612
1.318	0.492652235
1.319	0.491781063
1.32	0.490575502
1.321	0.489431538
1.322	0.488375572
1.323	0.487521999
1.324	0.486474833
1.325	0.485682858
1.326	0.484978881
1.327	0.483922914
1.328	0.483218937
1.329	0.482409363
1.33	0.481670187
1.331	0.481098205
1.332	0.480799014
1.333	0.480271031
1.334	0.47969025
1.335	0.478951074
1.336	0.478572686
1.337	0.478361492
1.338	0.478467089
1.339	0.478537487
1.34	0.478555086
1.341	0.478634284
1.342	0.47875748
1.343	0.478704681
1.344	0.478933474
1.345	0.479822246
1.346	0.480517423
1.347	0.480975009
1.348	0.481406195
1.349	0.482004576
1.35	0.481406195
1.351	0.481388596
1.352	0.481775783
1.353	0.482532559
1.354	0.48312214
1.355	0.483808518
1.356	0.48313094
1.357	0.480587821
1.358	0.4812654
1.359	0.482074974
1.36	0.481168603
1.361	0.48281415
1.362	0.483694122
1.363	0.482928546
1.364	0.483078141
1.365	0.483403731
1.366	0.482338965
1.367	0.482541359
1.368	0.483922914
1.369	0.485260472
1.37	0.485735656
1.371	0.486826822
1.372	0.4875132
1.373	0.488991552
1.374	0.489290743
1.375	0.490892291
1.376	0.489616332
1.377	0.489044351
1.378	0.486087645
1.379	0.486026047
1.38	0.485128476
1.381	0.48655403
1.382	0.49000352
1.383	0.488093981
1.384	0.488560366
1.385	0.490839493
1.386	0.490408307
1.387	0.487785991
1.388	0.489537135
1.389	0.489141147
1.39	0.487126012
1.391	0.486105245
1.392	0.486694826
1.393	0.486853221
1.394	0.4843805
1.395	0.481458993
1.396	0.479144667
1.397	0.479012672
1.398	0.477851109
1.399	0.476161563
1.4	0.474516015
1.401	0.476082365
1.402	0.47532559
1.403	0.477789511
1.404	0.47595037
1.405	0.476416755
1.406	0.476011968
1.407	0.475079197
1.408	0.476531151
1.409	0.474260824
1.41	0.472949666
1.411	0.472140092
1.412	0.473856037
1.413	0.472861668
1.414	0.472386484
1.415	0.473900035
1.416	0.475827174
1.417	0.475422386
1.418	0.473776839
1.419	0.474947202
1.42	0.476988736
1.421	0.478211897
1.422	0.477789511
1.423	0.477305526
1.424	0.478845477
1.425	0.480218233
1.426	0.480447026
1.427	0.481758184
1.428	0.482101373
1.429	0.484019711
1.43	0.484565294
1.431	0.485146075
1.432	0.485885252
1.433	0.486413235
1.434	0.488322774
1.435	0.489642731
1.436	0.490188314
1.437	0.491217881
1.438	0.492221049
1.439	0.493998592
1.44	0.494887364
1.441	0.495987328
1.442	0.496893699
1.443	0.498257656
1.444	0.499296023
1.445	0.499859205
1.446	0.500483985
1.447	0.501372756
1.448	0.502428722
1.449	0.503502288
1.45	0.504021471
1.451	0.504857445
1.452	0.505992608
1.453	0.50689018
1.454	0.507752552
1.455	0.508095741
1.456	0.508518127
1.457	0.509134108
1.458	0.509530095
1.459	0.510031679
1.46	0.51001408
1.461	0.510058078
1.462	0.510190074
1.463	0.510207673
1.464	0.509767687
1.465	0.509820486
1.466	0.509292503
1.467	0.508597325
1.468	0.508474129
1.469	0.508174938
1.47	0.508148539
1.471	0.507699754
1.472	0.507083773
1.473	0.506450194
1.474	0.505491024
1.475	0.504971841
1.476	0.504338261
1.477	0.503370292
1.478	0.502543119
1.479	0.501627948
1.48	0.501135164
1.481	0.500140795
1.482	0.499331221
1.483	0.498574446
1.484	0.497474481
1.485	0.496840901
1.486	0.496180922
1.487	0.495406547
1.488	0.494737768
1.489	0.494121788
1.49	0.493373812
1.491	0.492828229
1.492	0.492344245
1.493	0.491525871
1.494	0.490725097
1.495	0.490232313
1.496	0.489774727
1.497	0.48938754
1.498	0.489158747
1.499	0.48876276
1.5	0.488639564
1.501	0.488472369
1.502	0.488533967
1.503	0.488269975
1.504	0.488252376
1.505	0.488217177
1.506	0.488516367
1.507	0.488349173
1.508	0.488269975
1.509	0.488454769
1.51	0.488472369
1.511	0.488718761
1.512	0.489334741
1.513	0.489765927
1.514	0.490276311
1.515	0.490733897
1.516	0.491455473
1.517	0.491992256
1.518	0.492529039
1.519	0.493215417
1.52	0.493892995
1.521	0.49469377
1.522	0.495424146
1.523	0.496207321
1.524	0.496981697
1.525	0.497685674
1.526	0.498310454
1.527	0.499172826
1.528	0.500237592
1.529	0.501223161
1.53	0.502059134
1.531	0.502859908
1.532	0.503915875
1.533	0.505042239
1.534	0.506019007
1.535	0.506978177
1.536	0.507910947
1.537	0.508306934
1.538	0.50907251
1.539	0.509978881
1.54	0.510982049
1.541	0.511677226
1.542	0.512478001
1.543	0.513278775
1.544	0.513965153
1.545	0.514757128
1.546	0.515065118
1.547	0.515901091
1.548	0.516376276
1.549	0.516904259
1.55	0.517282647
1.551	0.517907427
1.552	0.518268215
1.553	0.518497008
1.554	0.518725801
1.555	0.518972193
1.556	0.519280183
1.557	0.519341781
1.558	0.519403379
1.559	0.519412179
1.56	0.519236184
1.561	0.519016191
1.562	0.518831397
1.563	0.518541007
1.564	0.51812742
1.565	0.517898627
1.566	0.517467441
1.567	0.517089053
1.568	0.516499472
1.569	0.515857093
1.57	0.515276311
1.571	0.514915523
1.572	0.51405315
1.573	0.513278775
1.574	0.512645195
1.575	0.512011616
1.576	0.511043647
1.577	0.510480465
1.578	0.509565294
1.579	0.508799718
1.58	0.507840549
1.581	0.506898979
1.582	0.5062566
1.583	0.505508624
1.584	0.504910243
1.585	0.504435058
1.586	0.503722281
1.587	0.503335093
1.588	0.502569518
1.589	0.502164731
1.59	0.501381556
1.591	0.501135164
1.592	0.50063358
1.593	0.500158395
1.594	0.499744808
1.595	0.499269623
1.596	0.498882436
1.597	0.498565646
1.598	0.498486448
1.599	0.498072862
1.6	0.497940866
1.601	0.498055262
1.602	0.497668075
1.603	0.497659275
1.604	0.497597677
1.605	0.497597677
1.606	0.497659275
1.607	0.497641675
1.608	0.497712073
1.609	0.49782647
1.61	0.497844069
1.611	0.49843365
1.612	0.498697642
1.613	0.498944034
1.614	0.499040831
1.615	0.499410419
1.616	0.499428018
1.617	0.499709609
1.618	0.500219993
1.619	0.50092397
1.62	0.501293559
1.621	0.501891939
1.622	0.502463921
1.623	0.502930306
1.624	0.50374868
1.625	0.504320662
1.626	0.504778247
1.627	0.505561422
1.628	0.506282999
1.629	0.506978177
1.63	0.507743752
1.631	0.508342133
1.632	0.509160507
1.633	0.50998768
1.634	0.510823654
1.635	0.511510032
1.636	0.51217881
1.637	0.512865188
1.638	0.513921155
1.639	0.514642731
1.64	0.515329109
1.641	0.51625308
1.642	0.517133052
1.643	0.518021823
1.644	0.518778599
1.645	0.519922562
1.646	0.52061774
1.647	0.521427314
1.648	0.522386484
1.649	0.523248856
1.65	0.523988032
1.651	0.524929602
1.652	0.525545583
1.653	0.526284759
1.654	0.526962337
1.655	0.527745512
1.656	0.528317494
1.657	0.528731081
1.658	0.529091869
1.659	0.529276663
1.66	0.529813446
1.661	0.530200634
1.662	0.530667019
1.663	0.530825414
1.664	0.531195002
1.665	0.531696586
1.666	0.531837381
1.667	0.532136572
1.668	0.532039775
1.669	0.531969377
1.67	0.531802182
1.671	0.531766983
1.672	0.531749384
1.673	0.531450194
1.674	0.531063006
1.675	0.530913411
1.676	0.530411827
1.677	0.530147835
1.678	0.529540655
1.679	0.529188666
1.68	0.528731081
1.681	0.528387892
1.682	0.527886308
1.683	0.527393523
1.684	0.527032735
1.685	0.526443154
1.686	0.525871172
1.687	0.525087997
1.688	0.524516015
1.689	0.523935234
1.69	0.523055262
1.691	0.522553678
1.692	0.521920099
1.693	0.521444914
1.694	0.520899331
1.695	0.520098557
1.696	0.519288983
1.697	0.518602605
1.698	0.517889828
1.699	0.517203449
1.7	0.516719465
1.701	0.516068286
1.702	0.515267511
1.703	0.514721929
1.704	0.513885956
1.705	0.513472369
1.706	0.512997184
1.707	0.512618796
1.708	0.512161211
1.709	0.511809222
1.71	0.511360436
1.711	0.510709257
1.712	0.51032207
1.713	0.510181274
1.714	0.509952482
1.715	0.509873284
1.716	0.509494896
1.717	0.509151707
1.718	0.508922914
1.719	0.508843717
1.72	0.508852517
1.721	0.509046111
1.722	0.508931714
1.723	0.508931714
1.724	0.508922914
1.725	0.508861316
1.726	0.508456529
1.727	0.508482929
1.728	0.508905315
1.729	0.509354101
1.73	0.509459697
1.731	0.509653291
1.732	0.510102077
1.733	0.510445266
1.734	0.510955649
1.735	0.511474833
1.736	0.511985216
1.737	0.512592397
1.738	0.512777191
1.739	0.513252376
1.74	0.51374516
1.741	0.514299542
1.742	0.514915523
1.743	0.515531503
1.744	0.516059486
1.745	0.516649067
1.746	0.517317846
1.747	0.517889828
1.748	0.518717001
1.749	0.519605773
1.75	0.520177754
1.751	0.521453713
1.752	0.522615276
1.753	0.523257656
1.754	0.524190426
1.755	0.525061598
1.756	0.525739176
1.757	0.526319958
1.758	0.527279127
1.759	0.527965505
1.76	0.528511088
1.761	0.529496656
1.762	0.530244632
1.763	0.531353397
1.764	0.53186378
1.765	0.53251496
1.766	0.533482929
1.767	0.534354101
1.768	0.535330869
1.769	0.536202042
1.77	0.53688842
1.771	0.537645195
1.772	0.53842837
1.773	0.539088349
1.774	0.539906723
1.775	0.540557902
1.776	0.541675466
1.777	0.542432242
1.778	0.542933826
1.779	0.54310982
1.78	0.543646603
1.781	0.544306582
1.782	0.544887364
1.783	0.545520943
1.784	0.545837733
1.785	0.546532911
1.786	0.546779303
1.787	0.546673706
1.788	0.5468673
1.789	0.547324886
1.79	0.54782647
1.791	0.548248856
1.792	0.548363252
1.793	0.548636044
1.794	0.548143259
1.795	0.547782471
1.796	0.547025695
1.797	0.547122492
1.798	0.547386484
1.799	0.547580077
1.8	0.546506512
1.801	0.545855333
1.802	0.545855333
1.803	0.546101725
1.804	0.546066526
1.805	0.544711369
1.806	0.544508976
1.807	0.543400211
1.808	0.543373812
1.809	0.542731433
1.81	0.54186026
1.811	0.541693066
1.812	0.541833861
1.813	0.541992256
1.814	0.538604365
1.815	0.537064414
1.816	0.534785287
1.817	0.535234073
1.818	0.536034847
1.819	0.537521999
1.82	0.534723689
1.821	0.534899683
1.822	0.534565294
1.823	0.531406195
1.824	0.52968145
1.825	0.528616684
1.826	0.529443858
1.827	0.528414291
1.828	0.529593453
1.829	0.526654347
1.83	0.523838437
1.831	0.522896867
1.832	0.520802534
1.833	0.520547342
1.834	0.517379444
1.835	0.517573038
1.836	0.512363604
1.837	0.513481169
1.838	0.514334741
1.839	0.518980993
1.84	0.521110524
1.841	0.516473073
1.842	0.510207673
1.843	0.506696586
1.844	0.506291799
1.845	0.509750088
1.846	0.511430834
1.847	0.508993312
1.848	0.506441394
1.849	0.507840549
1.85	0.509424498
1.851	0.505385428
1.852	0.506617388
1.853	0.505411827
1.854	0.5031327
1.855	0.504153467
1.856	0.506230201
1.857	0.509741288
1.858	0.508658923
1.859	0.512530799
1.86	0.51438754
1.861	0.520160155
1.862	0.512601197
1.863	0.511439634
1.864	0.509125308
1.865	0.500915171
1.866	0.506414995
1.867	0.507796551
1.868	0.506379796
1.869	0.506406195
1.87	0.506203801
1.871	0.501020767
1.872	0.504206265
1.873	0.510550862
1.874	0.51092925
1.875	0.510462865
1.876	0.51405315
1.877	0.513657163
1.878	0.509626892
1.879	0.514739528
1.88	0.517476241
1.881	0.515029919
1.882	0.515399507
1.883	0.517291447
1.884	0.51532031
1.885	0.513921155
1.886	0.512073214
1.887	0.519024991
1.888	0.51810982
1.889	0.520784935
1.89	0.529857445
1.891	0.532303766
1.892	0.53532207
1.893	0.538199578
1.894	0.533914115
1.895	0.534098909
1.896	0.540452306
1.897	0.536360436
1.898	0.537653995
1.899	0.535207673
1.9	0.534908483
1.901	0.530878212
1.902	0.533359732
1.903	0.538903555
1.904	0.541649067
1.905	0.542423442
1.906	0.542168251
1.907	0.542027455
1.908	0.536782823
1.909	0.540197114
1.91	0.540874692
1.911	0.543787399
1.912	0.546128124
1.913	0.549216825
1.914	0.544623372
1.915	0.53811158
1.916	0.538877156
1.917	0.542265048
1.918	0.542221049
1.919	0.547914467
1.92	0.549709609
1.921	0.547060894
1.922	0.551504752
1.923	0.549419219
1.924	0.55186554
1.925	0.554232665
1.926	0.559160507
1.927	0.558271735
1.928	0.556291799
1.929	0.555755016
1.93	0.556370996
1.931	0.559160507
1.932	0.559635692
1.933	0.564026751
1.934	0.563841957
1.935	0.563903555
1.936	0.564220345
1.937	0.563093981
1.938	0.562020415
1.939	0.566156283
1.94	0.572351285
1.941	0.571488912
1.942	0.570221753
1.943	0.572624076
1.944	0.571937698
1.945	0.57157691
1.946	0.57345125
1.947	0.573662443
1.948	0.574947202
1.949	0.575915171
1.95	0.57592397
1.951	0.576064766
1.952	0.575897571
1.953	0.577604717
1.954	0.577331925
1.955	0.576900739
1.956	0.576777543
1.957	0.576601549
1.958	0.577710313
1.959	0.577622316
1.96	0.57844069
1.961	0.577859908
1.962	0.57718233
1.963	0.577059134
1.964	0.576927138
1.965	0.576803942
1.966	0.576469553
1.967	0.576751144
1.968	0.576020767
1.969	0.57561598
1.97	0.575131996
1.971	0.574885604
1.972	0.574956001
1.973	0.574137628
1.974	0.573512848
1.975	0.573345653
1.976	0.573231257
1.977	0.572263288
1.978	0.571823302
1.979	0.571444914
1.98	0.571409715
1.981	0.571471313
1.982	0.571374516
1.983	0.570661739
1.984	0.570239352
1.985	0.569508976
1.986	0.568989792
1.987	0.568945794
1.988	0.57437522
1.989	0.559494896
1.99	0.569913763
1.991	0.578255896
1.992	0.564405139
1.993	0.571427314
1.994	0.567898627
1.995	0.55718937
1.996	0.567705033
1.997	0.565364308
1.998	0.564308342
1.999	0.566596269
2	0.57437522
2.001	0.573477649
2.002	0.574040831
2.003	0.572676874
2.0041	0.57030095
2.0051	0.570212953
2.0059	0.571128124
2.0069	0.571726505
2.008	0.568822598
2.009	0.569764168
2.01	0.56938578
2.011	0.567476241
2.012	0.567326646
2.013	0.566833861
2.014	0.566402675
2.015	0.565909891
2.016	0.565452306
2.0171	0.565135516
2.0181	0.564765927
2.0189	0.564325942
2.0199	0.563912355
2.021	0.563657163
2.022	0.563393171
2.023	0.563076382
2.024	0.562909187
2.025	0.562724393
2.026	0.562557198
2.027	0.562469201
2.028	0.562442802
2.029	0.562398803
2.0301	0.562460401
2.0311	0.562416403
2.0321	0.562442802
2.0329	0.562478001
2.0339	0.562398803
2.035	0.562451602
2.036	0.5625044
2.037	0.562442802
2.038	0.562521999
2.039	0.562557198
2.04	0.562653995
2.041	0.562759592
2.042	0.562891587
2.043	0.563023583
2.044	0.563234776
2.0451	0.563340373
2.0461	0.563489968
2.0469	0.563630764
2.0479	0.563877156
2.0489	0.564035551
2.05	0.564255544
2.051	0.564493136
2.052	0.564765927
2.053	0.56501232
2.054	0.565241112
2.055	0.565540303
2.056	0.565971489
2.057	0.566349877
2.058	0.566693066
2.059	0.567159451
2.06	0.56750264
2.0611	0.567986624
2.0621	0.568505808
2.0629	0.569024991
2.0639	0.569561774
2.0649	0.570212953
2.066	0.570837733
2.067	0.571339317
2.068	0.571999296
2.069	0.572650475
2.07	0.573389652
2.071	0.574032031
2.072	0.574788807
2.073	0.575404787
2.074	0.576143963
2.075	0.576839141
2.076	0.577587117
2.077	0.578167899
2.0781	0.578845477
2.0791	0.579611052
2.0801	0.58029743
2.0809	0.581071806
2.0819	0.581828581
2.0829	0.582611756
2.084	0.583271735
2.085	0.58405491
2.086	0.584706089
2.087	0.585436466
2.088	0.586087645
2.089	0.586791623
2.09	0.587363604
2.091	0.587926786
2.092	0.588577966
2.093	0.589176346
2.094	0.589739528
2.095	0.590355509
2.096	0.590980289
2.097	0.591534671
2.0981	0.592203449
2.0991	0.592775431
2.1001	0.593417811
2.1009	0.593998592
2.1019	0.59470257
2.1029	0.595344949
2.1039	0.596004928
2.105	0.596444914
2.106	0.596937698
2.107	0.597386484
2.108	0.597888068
2.109	0.59844245
2.11	0.598856037
2.111	0.599269623
2.112	0.599736008
2.113	0.600228793
2.114	0.600703977
2.115	0.601143963
2.116	0.601610348
2.117	0.602085533
2.118	0.602534319
2.119	0.602868708
2.12	0.603167899
2.1211	0.603484688
2.1221	0.60373988
2.1231	0.603933474
2.1241	0.604188666
2.1251	0.604347061
2.1259	0.604558254
2.1269	0.604751848
2.1279	0.604875044
2.1289	0.604980641
2.13	0.60531503
2.131	0.605499824
2.132	0.60561422
2.133	0.605702218
2.134	0.605781415
2.135	0.60593981
2.136	0.606089405
2.137	0.606115804
2.138	0.606168603
2.139	0.606168603
2.14	0.606239
2.141	0.6062566
2.142	0.606282999
2.143	0.606326998
2.144	0.606353397
2.145	0.606450194
2.146	0.606406195
2.147	0.606432594
2.148	0.606494192
2.149	0.606414995
2.15	0.606353397
2.151	0.606282999
2.152	0.606177402
2.1531	0.606080605
2.1541	0.605860612
2.1551	0.605570222
2.1561	0.605262232
2.1571	0.605121436
2.1581	0.604927842
2.1591	0.604716649
2.1599	0.604461457
2.1609	0.604153467
2.1619	0.603898275
2.1629	0.603590285
2.1639	0.603282295
2.1649	0.602877508
2.1659	0.602543119
2.167	0.602067934
2.168	0.601601549
2.169	0.601223161
2.17	0.600712777
2.171	0.600246392
2.172	0.59968321
2.173	0.599093629
2.174	0.598574446
2.175	0.598143259
2.176	0.597712073
2.177	0.597307286
2.178	0.596779303
2.179	0.596286519
2.18	0.595776135
2.181	0.59530975
2.182	0.594720169
2.183	0.594218585
2.184	0.593708201
2.185	0.593162619
2.186	0.592705033
2.187	0.59218585
2.188	0.591728265
2.189	0.591297078
2.19	0.590865892
2.191	0.590373108
2.192	0.589924322
2.193	0.589501936
2.194	0.58907075
2.195	0.588657163
2.196	0.588393171
2.197	0.588023583
2.198	0.587715593
2.199	0.5874868
2.2	0.587222809
2.201	0.586914819
2.202	0.58657163
2.203	0.586413235
2.204	0.586298838
2.205	0.586210841
2.206	0.586149243
2.207	0.586149243
2.208	0.586061246
2.209	0.586061246
2.21	0.586017247
2.211	0.586008448
2.212	0.586026047
2.213	0.586008448
2.214	0.586026047
2.215	0.586122844
2.216	0.58625484
2.217	0.586448434
2.218	0.586730025
2.219	0.586932418
2.22	0.587108413
2.221	0.587416403
2.222	0.587750792
2.223	0.588067582
2.224	0.588287575
2.225	0.588621964
2.226	0.588815558
2.227	0.589123548
2.228	0.589413939
2.229	0.589730729
2.23	0.590038719
2.231	0.590408307
2.232	0.590813094
2.233	0.59126188
2.234	0.591534671
2.235	0.591965857
2.236	0.592353045
2.237	0.592845829
2.238	0.593259416
2.239	0.593717001
2.24	0.594174586
2.241	0.594808166
2.242	0.595388948
2.243	0.595828933
2.244	0.596383316
2.245	0.596893699
2.246	0.597157691
2.247	0.597676874
2.248	0.59811686
2.249	0.598574446
2.25	0.598952834
2.251	0.599560014
2.252	0.600167195
2.253	0.600659979
2.254	0.601152763
2.255	0.601742344
2.256	0.602226329
2.257	0.602666315
2.258	0.603159099
2.259	0.60374868
2.26	0.604250264
2.261	0.604778247
2.262	0.605191834
2.263	0.605825414
2.2639	0.606318198
2.2649	0.606837381
2.2659	0.607154171
2.2669	0.607576558
2.2679	0.607963745
2.2689	0.608377332
2.2699	0.608878916
2.2711	0.609521295
2.2721	0.609970081
2.2731	0.610498064
2.2741	0.611122844
2.2751	0.611774023
2.2761	0.612337205
2.2771	0.612785991
2.278	0.613410771
2.279	0.614000352
2.28	0.614589933
2.281	0.615170715
2.282	0.615777895
2.283	0.616455473
2.284	0.617009856
2.285	0.617740232
2.286	0.618461809
2.287	0.619253784
2.288	0.619940162
2.289	0.620670539
2.29	0.621321718
2.291	0.622113692
2.292	0.62280887
2.293	0.623512848
2.294	0.624199226
2.295	0.624982401
2.296	0.625677578
2.297	0.626416755
2.298	0.62717353
2.299	0.627974305
2.2999	0.628634284
2.3009	0.62937346
2.3019	0.630227033
2.3029	0.631054206
2.3041	0.631942978
2.3051	0.632831749
2.3061	0.633711721
2.3071	0.634582893
2.308	0.635436466
2.309	0.636369236
2.31	0.637152411
2.311	0.637979585
2.312	0.638868356
2.313	0.639625132
2.314	0.640443506
2.315	0.641376276
2.316	0.642229849
2.317	0.643048222
2.318	0.644007392
2.319	0.644922562
2.32	0.645705737
2.321	0.646603309
2.322	0.647527279
2.323	0.64843365
2.324	0.649146427
2.3249	0.6499912
2.3259	0.650774375
2.3269	0.651522351
2.3281	0.65217353
2.3291	0.652789511
2.3301	0.653255896
2.331	0.653819078
2.332	0.654311862
2.333	0.654795847
2.334	0.655385428
2.335	0.655992608
2.336	0.656502992
2.337	0.656942978
2.338	0.65750616
2.339	0.658069342
2.34	0.658526927
2.341	0.658931714
2.342	0.659459697
2.343	0.659794087
2.3439	0.660172474
2.3449	0.660550862
2.3459	0.660920451
2.3471	0.661202042
2.3481	0.661457233
2.3491	0.661738824
2.35	0.662029215
2.351	0.662346005
2.352	0.662592397
2.353	0.662794791
2.354	0.662953185
2.355	0.66311158
2.356	0.663305174
2.357	0.663630764
2.358	0.663806758
2.359	0.663912355
2.36	0.664026751
2.3609	0.664105949
2.3619	0.664220345
2.3629	0.664202746
2.3641	0.664229145
2.3651	0.664317142
2.366	0.664290743
2.367	0.664237944
2.368	0.664237944
2.369	0.664237944
2.37	0.664132348
2.371	0.664141147
2.372	0.664088349
2.373	0.664105949
2.374	0.664176346
2.375	0.664167547
2.3759	0.664149947
2.3769	0.664229145
2.3781	0.664281943
2.3791	0.664449138
2.3801	0.664625132
2.381	0.664845125
2.382	0.664801126
2.383	0.664871524
2.384	0.664924322
2.385	0.664924322
2.386	0.66499472
2.387	0.66501232
2.388	0.665065118
2.389	0.664977121
2.3899	0.664941922
2.3909	0.665073918
2.3921	0.665223513
2.3931	0.665373108
2.394	0.665584301
2.395	0.665839493
2.396	0.665918691
2.397	0.666182682
2.398	0.666402675
2.399	0.666587469
2.4	0.666781063
2.401	0.666965857
2.402	0.66719465
2.4029	0.667388244
2.4039	0.667555438
2.4051	0.667766631
2.4061	0.66780183
2.407	0.668162619
2.408	0.668356213
2.409	0.668505808
2.41	0.668831397
2.411	0.66906899
2.412	0.669341781
2.413	0.66970257
2.414	0.670054558
2.4149	0.670371348
2.4161	0.67062654
2.4171	0.670705737
2.418	0.670749736
2.419	0.670820134
2.42	0.670908131
2.421	0.67092573
2.422	0.671163323
2.423	0.671453713
2.424	0.671779303
2.425	0.672078493
2.4259	0.672351285
2.4269	0.672641675
2.4281	0.672932066
2.429	0.673292855
2.43	0.673688842
2.431	0.67406723
2.432	0.67438402
2.433	0.674771207
2.434	0.675202394
2.435	0.675580781
2.4359	0.675862372
2.4369	0.675730377
2.4381	0.675783175
2.439	0.676223161
2.44	0.676777543
2.441	0.677384724
2.442	0.678247096
2.443	0.679259064
2.444	0.680139036
2.445	0.681159803
2.446	0.682250968
2.4469	0.683016543
2.4481	0.68343893
2.449	0.684037311
2.45	0.684855685
2.451	0.685735656
2.452	0.686369236
2.453	0.686906019
2.454	0.687741992
2.455	0.688692362
2.4559	0.689765927
2.4571	0.690742696
2.4581	0.691992256
2.459	0.693250616
2.46	0.694623372
2.461	0.69626012
2.462	0.698275255
2.463	0.700079197
2.464	0.701495952
2.4649	0.702833509
2.4659	0.704338261
2.4671	0.70592221
2.468	0.707453361
2.469	0.708878916
2.47	0.710418867
2.471	0.712126012
2.472	0.713868356
2.473	0.715487504
2.4739	0.716393875
2.4751	0.717757832
2.4761	0.719755368
2.477	0.722016895
2.478	0.72468321
2.479	0.726988736
2.48	0.729091869
2.481	0.731151003
2.482	0.733218937
2.4829	0.735093277
2.4841	0.737011616
2.485	0.738833157
2.486	0.73998592
2.487	0.741411475
2.488	0.743347413
2.489	0.745124956
2.49	0.746629708
2.4909	0.748398451
2.4921	0.750219993
2.493	0.751962337
2.494	0.753933474
2.495	0.755499824
2.496	0.756019007
2.497	0.75686378
2.498	0.758940514
2.4989	0.761765224
2.5001	0.763894755
2.501	0.765513904
2.502	0.767080253
2.503	0.768470609
2.504	0.769473777
2.505	0.769931362
2.506	0.770573742
2.5069	0.771172122
2.5081	0.771348117
2.509	0.772386484
2.51	0.773900035
2.511	0.775915171
2.512	0.777587117
2.513	0.778282295
2.5139	0.77938226
2.5151	0.781045407
2.516	0.782110172
2.517	0.781942978
2.518	0.781599789
2.519	0.781318198
2.52	0.782145371
2.5209	0.783966913
2.5221	0.786281239
2.5231	0.788331573
2.524	0.790091517
2.525	0.790962689
2.526	0.790601901
2.527	0.791367476
2.528	0.792590637
2.5289	0.793963393
2.5301	0.796418515
2.531	0.79843365
2.532	0.799331221
2.533	0.79874164
2.534	0.796304118
2.535	0.793646603
2.5361	0.794473777
2.5371	0.793294615
2.538	0.790399507
2.539	0.791684266
2.54	0.79467617
2.541	0.798204857
2.5419	0.803599085
2.5431	0.807286167
2.544	0.806995776
2.545	0.803106301
2.546	0.800395987
2.547	0.798979233
2.548	0.798935234
2.5489	0.795996128
2.5501	0.792247448
2.551	0.793954593
2.552	0.795221753
2.553	0.793488208
2.554	0.792097853
2.5549	0.78844597
2.5561	0.789660331
2.557	0.797624076
2.558	0.808227737
2.559	0.819781767
2.56	0.830165435
2.561	0.834609293
2.5619	0.833192538
2.5631	0.826399155
2.564	0.814651531
2.565	0.801205561
2.566	0.79001232
2.567	0.778282295
2.5679	0.778079901
2.5691	0.784908483
2.57	0.791165083
2.571	0.792951426
2.572	0.788833157
2.573	0.787134812
2.5739	0.794711369
2.5751	0.798724041
2.576	0.793611404
2.577	0.79094509
2.578	0.790188314
2.579	0.785339669
2.5799	0.788938754
2.5811	0.794755368
2.582	0.792282647
2.583	0.780455825
2.584	0.769280183
2.585	0.75843893
2.5859	0.742687434
2.5871	0.739897923
2.588	0.752243928
2.589	0.758394931
2.59	0.761272439
2.591	0.766464273
2.5919	0.774648011
2.5931	0.781423794
2.594	0.783623724
2.595	0.779919043
2.596	0.776610348
2.597	0.763841957
2.5981	0.746726505
2.599	0.736668427
2.6	0.738692362
2.601	0.754663851
2.602	0.768224217
2.6029	0.774296023
2.6041	0.779197466
2.605	0.775114396
2.606	0.758676522
2.607	0.742634636
2.608	0.734723689
2.6091	0.73187258
2.61	0.730843013
2.611	0.742881028
2.612	0.747412883
2.613	0.749912003
2.6139	0.761034847
2.6151	0.771040127
2.616	0.77624956
2.617	0.778458289
2.618	0.765161915
2.6189	0.745608941
2.6201	0.737565998
2.621	0.73656283
2.622	0.747043295
2.623	0.756089405
2.624	0.767256248
2.6251	0.776011968
2.626	0.775906371
2.627	0.771840901
2.628	0.765223513
2.629	0.758843717
2.6299	0.760594861
2.631	0.76438754
2.632	0.762354805
2.633	0.758711721
2.634	0.758456529
2.6349	0.757902147
2.636	0.750228793
2.637	0.752226329
2.638	0.753713481
2.639	0.755843013
2.6399	0.762275607
2.641	0.767977825
2.642	0.772439282
2.643	0.780077438
2.644	0.792986624
2.6449	0.804426258
2.646	0.81281239
2.647	0.820503344
2.648	0.825765576
2.649	0.819728969
2.6499	0.813727561
2.651	0.810392467
2.652	0.810137276
2.653	0.817414643
2.654	0.824956001
2.6551	0.822368884
2.656	0.828959873
2.657	0.844394579
2.658	0.862064414
2.659	0.876047166
2.6601	0.890795495
2.661	0.902675114
2.662	0.899243224
2.663	0.893963393
2.6639	0.886747624
2.6651	0.881379796
2.666	0.870256952
2.667	0.849172826
2.668	0.830086237
2.6689	0.813349173
2.67	0.802780711
2.671	0.791789863
2.672	0.777367124
2.673	0.766517071
2.6741	0.765161915
2.675	0.75999648
2.676	0.752041535
2.677	0.740021119
2.6779	0.722368884
2.679	0.706239
2.68	0.698266455
2.681	0.686307638
2.682	0.680649419
2.6831	0.683148539
2.684	0.680051038
2.685	0.667881028
2.686	0.658914115
2.6869	0.659635692
2.688	0.655191834
2.689	0.652543119
2.69	0.652727913
2.691	0.659160507
2.6921	0.679831045
2.693	0.700712777
2.694	0.717265048
2.695	0.717203449
2.6959	0.711448434
2.697	0.713463569
2.698	0.717097853
2.699	0.719280183
2.6999	0.723020063
2.7011	0.727930306
2.702	0.735330869
2.703	0.745450546
2.704	0.760207673
2.7051	0.777402323
2.706	0.794121788
2.707	0.802763112
2.708	0.802349525
2.7091	0.798970433
2.71	0.797835269
2.711	0.788261176
2.712	0.776504752
2.7129	0.767317846
2.714	0.768813798
2.715	0.771436114
2.716	0.775959169
2.7169	0.777983105
2.718	0.778194298
2.719	0.776223161
2.72	0.779391059
2.7209	0.78280535
2.722	0.77688314
2.723	0.771040127
2.724	0.762275607
2.7249	0.749296023
2.7261	0.729487856
2.727	0.712935586
2.728	0.717388244
2.7289	0.724489616
2.7301	0.732154171
2.731	0.73907075
2.732	0.746955297
2.7329	0.754135868
2.7341	0.760806054
2.735	0.76937698
2.736	0.778343893
2.7369	0.788208377
2.738	0.801003168
2.739	0.79749208
2.74	0.777780711
2.7409	0.750730377
2.742	0.722720873
2.743	0.700791975
2.744	0.691525871
2.7449	0.700510384
2.746	0.715663499
2.747	0.738243576
2.748	0.761518831
2.7489	0.776073566
2.75	0.791525871
2.751	0.813419571
2.752	0.832743752
2.7531	0.83154699
2.754	0.824868004
2.755	0.808192538
2.756	0.783931714
2.7571	0.754875044
2.758	0.730526223
2.759	0.719579373
2.76	0.716041887
2.7611	0.723732841
2.762	0.729945442
2.763	0.724744808
2.7639	0.718928194
2.765	0.723328054
2.766	0.737046815
2.767	0.750070398
2.7681	0.759855685
2.769	0.762434002
2.77	0.754461457
2.771	0.743972193
2.7721	0.732435762
2.773	0.720274551
2.774	0.71280359
2.7749	0.711422034
2.776	0.708148539
2.776	0.702974305
2.778	0.699604013
2.7791	0.697448082
2.78	0.69844245
2.781	0.706696586
2.782	0.717397043
2.7831	0.725457585
2.784	0.725184794
2.785	0.723011264
2.7859	0.7156195
2.787	0.705015839
2.788	0.698979233
2.789	0.698020063
2.7901	0.704963041
2.791	0.710049278
2.792	0.718725801
2.7929	0.728924674
2.794	0.739449138
2.795	0.746902499
2.796	0.755279831
2.7971	0.76500352
2.798	0.77281767
2.799	0.775835973
2.7999	0.772940866
2.801	0.768461809
2.802	0.76031327
2.803	0.751275959
2.8041	0.74030271
2.805	0.731696586
2.806	0.729091869
2.8071	0.731379796
2.808	0.735489264
2.809	0.738639564
2.8099	0.741481873
2.811	0.748530447
2.812	0.760559662
2.813	0.775809574
2.8141	0.787961985
2.815	0.78905315
2.816	0.787425202
2.8169	0.78467969
2.818	0.781353397
2.819	0.77624956
2.8199	0.768673002
2.821	0.76061246
2.822	0.75374868
2.823	0.750404787
2.8241	0.74907603
2.825	0.750959169
2.826	0.755658219
2.8271	0.766182682
2.828	0.779804646
2.829	0.794957761
2.8299	0.808694122
2.831	0.817282647
2.832	0.822694474
2.833	0.822967265
2.834	0.821656107
2.835	0.815742696
2.836	0.808623724
2.8371	0.802235128
2.838	0.796004928
2.839	0.791147483
2.8401	0.791094685
2.841	0.794764168
2.842	0.797439282
2.8429	0.800844773
2.844	0.807162971
2.845	0.816455473
2.8459	0.825888772
2.847	0.832532559
2.848	0.835093277
2.849	0.833553326
2.85	0.828607885
2.851	0.824595213
2.852	0.821990496
2.8531	0.819755368
2.854	0.816094685
2.855	0.810339669
2.8561	0.804831045
2.857	0.801918339
2.858	0.803238296
2.8591	0.806195002
2.86	0.81124604
2.861	0.816059486
2.8621	0.820221753
2.863	0.825175994
2.864	0.83063182
2.8651	0.834503696
2.866	0.834565294
2.867	0.833166139
2.8681	0.830227033
2.869	0.827164731
2.87	0.823732841
2.8711	0.820556142
2.872	0.817335445
2.873	0.81436994
2.8741	0.813604365
2.875	0.815082717
2.876	0.81687786
2.8771	0.81811862
2.878	0.820283351
2.879	0.823873636
2.8801	0.829285463
2.881	0.833606125
2.882	0.836272439
2.8831	0.837275607
2.884	0.837346005
2.885	0.837636396
2.8861	0.838384372
2.887	0.838208377
2.888	0.837090813
2.8891	0.83561246
2.89	0.834345301
2.891	0.834530095
2.8921	0.835832453
2.893	0.838349173
2.894	0.8406195
2.895	0.84310982
2.896	0.846013728
2.897	0.850123196
2.898	0.854980641
2.899	0.858711721
2.8999	0.859521295
2.901	0.857303766
2.902	0.854734249
2.9029	0.85437346
2.904	0.85500704
2.905	0.854971841
2.9061	0.855200634
2.907	0.856098205
2.908	0.857638156
2.9091	0.859626892
2.91	0.86186202
2.911	0.864519535
2.9121	0.867520239
2.913	0.870494544
2.914	0.873609644
2.915	0.876108765
2.916	0.877939106
2.9169	0.879470257
2.918	0.880411827
2.919	0.881379796
2.9201	0.881995776
2.921	0.881643787
2.922	0.880587821
2.9231	0.878801478
2.924	0.877252728
2.925	0.878502288
2.926	0.881907779
2.927	0.886219641
2.9279	0.888507568
2.929	0.890531503
2.93	0.892467441
2.9311	0.893875396
2.932	0.894491376
2.933	0.894491376
2.934	0.894667371
2.935	0.894579373
2.9359	0.893963393
2.937	0.892995424
2.938	0.892115452
2.9391	0.891323478
2.94	0.890531503
2.941	0.889827526
2.942	0.889035551
2.943	0.888067582
2.9439	0.88657163
2.945	0.885339669
2.946	0.884723689
2.9471	0.884547694
2.948	0.884547694
2.949	0.885691658
2.95	0.88657163
2.951	0.887011616
2.9519	0.88657163
2.953	0.885867652
2.954	0.884547694
2.9551	0.88313974
2.956	0.881995776
2.957	0.880851813
2.958	0.880147835
2.959	0.879250264
2.9601	0.878405491
2.961	0.87749032
2.962	0.876777543
2.963	0.876187962
2.964	0.875695178
2.9649	0.875457585
2.966	0.875351989
2.967	0.8749912
2.968	0.874797606
2.969	0.87468321
2.9699	0.874093629
2.971	0.873108061
2.972	0.872562478
2.9731	0.872888068
2.974	0.872307286
2.9749	0.871532911
2.976	0.870151355
2.977	0.869174586
2.9781	0.868690602
2.979	0.868514608
2.9799	0.868101021
2.981	0.86751144
2.982	0.86719465
2.9831	0.866578669
2.984	0.866059486
2.9849	0.865813094
2.986	0.865716297
2.987	0.865786695
2.988	0.865830693
2.989	0.865953889
2.9899	0.865795495
2.991	0.865786695
2.992	0.865716297
2.993	0.866209081
2.994	0.866666667
2.9951	0.867133052
2.996	0.868250616
2.997	0.868998592
2.998	0.868945794
2.999	0.869244984
3.0001	0.869271383
3.001	0.869852165
3.0019	0.870274551
3.003	0.870740936
3.004	0.871163323
3.005	0.872043295
3.006	0.872421683
3.0069	0.872210489
3.008	0.871972897
3.009	0.871664907
3.01	0.871796902
3.011	0.871788103
3.0121	0.871436114
3.013	0.87092573
3.0139	0.870283351
3.015	0.870204153
3.016	0.869808166
3.017	0.869324182
3.018	0.868558606
3.0191	0.867837029
3.02	0.867133052
3.0209	0.86626188
3.022	0.8656107
3.023	0.865285111
3.024	0.864792327
3.025	0.86438754
3.0261	0.864088349
3.027	0.863701162
3.0279	0.862953185
3.029	0.862240408
3.03	0.86157163
3.031	0.861360436
3.032	0.861193242
3.0331	0.860867652
3.034	0.860146075
3.0349	0.858843717
3.036	0.857312566
3.037	0.856344597
3.038	0.855059838
3.039	0.854091869
3.04	0.852877508
3.041	0.852032735
3.0421	0.851592749
3.043	0.851469553
3.0439	0.851583949
3.045	0.851733545
3.046	0.851539951
3.047	0.851390356
3.048	0.851460753
3.049	0.851152763
3.05	0.850369588
3.0511	0.849304822
3.052	0.847641675
3.0529	0.845969729
3.054	0.844552974
3.055	0.842555438
3.056	0.840953889
3.057	0.839968321
3.058	0.839519535
3.059	0.839176346
3.0601	0.839097149
3.061	0.839299542
3.0621	0.839255544
3.063	0.839493136
3.0639	0.839431538
3.065	0.839510736
3.066	0.838956353
3.067	0.838401971
3.068	0.837592397
3.069	0.836950018
3.07	0.836105245
3.071	0.835207673
3.072	0.834450898
3.0731	0.833782119
3.074	0.832884548
3.0751	0.832866948
3.076	0.832972545
3.0769	0.833623724
3.078	0.834714889
3.0789	0.83563886
3.08	0.836580429
3.081	0.836677226
3.082	0.836193242
3.083	0.835348469
3.084	0.834662091
3.085	0.834503696
3.086	0.834301302
3.087	0.834028511
3.0881	0.83405491
3.089	0.834186906
3.0901	0.834098909
3.091	0.834354101
3.0921	0.834169307
3.093	0.834178106
3.0939	0.834230905
3.095	0.834230905
3.0959	0.834257304
3.097	0.834398099
3.0979	0.834635692
3.099	0.835110876
3.1	0.834838085
3.101	0.834706089
3.102	0.834855685
3.103	0.834239704
3.104	0.833289335
3.105	0.832778951
3.106	0.832365364
3.107	0.831951778
3.108	0.831837381
3.109	0.831494192
3.11	0.83030623
3.111	0.828819078
3.112	0.827472721
3.113	0.825853573
3.114	0.824533615
3.115	0.823222457
3.116	0.821691306
3.117	0.820784935
3.118	0.819755368
3.119	0.818629004
3.12	0.817925026
3.121	0.817617036
3.122	0.817027455
3.123	0.815883492
3.124	0.814845125
3.125	0.813657163
3.126	0.812011616
3.127	0.809882084
3.128	0.807910947
3.129	0.806793383
3.13	0.805851813
3.131	0.805227033
3.132	0.804628652
3.133	0.803713481
3.134	0.8031239
3.135	0.802437522
3.136	0.802164731
3.137	0.801830341
3.138	0.801143963
3.139	0.799868004
3.14	0.798618444
3.141	0.79750968
3.142	0.796066526
3.143	0.794623372
3.144	0.793048222
3.145	0.790971489
3.146	0.788850757
3.147	0.786668427
3.148	0.784978881
3.149	0.783826118
3.15	0.783174938
3.151	0.782594157
3.1519	0.782435762
3.153	0.782365364
3.1539	0.781670187
3.155	0.780825414
3.1559	0.779945442
3.157	0.779628652
3.1581	0.778889476
3.159	0.778343893
3.1601	0.778018303
3.161	0.777719113
3.162	0.777622316
3.163	0.777842309
3.164	0.778150299
3.165	0.778722281
3.166	0.779109468
3.167	0.779910243
3.168	0.78030623
3.169	0.78093981
3.17	0.781986976
3.1709	0.783069342
3.172	0.784310102
3.1729	0.785471665
3.174	0.786298838
3.1751	0.787073214
3.176	0.787944386
3.1771	0.788797958
3.178	0.789897923
3.179	0.791147483
3.18	0.792617036
3.181	0.794324182
3.182	0.795344949
3.183	0.797377684
3.1839	0.799023231
3.185	0.80061598
3.1859	0.802226329
3.187	0.803907075
3.1881	0.805535023
3.189	0.807259768
3.19	0.808394931
3.191	0.809565294
3.192	0.810709257
3.193	0.812249208
3.194	0.814185146
3.1949	0.815663499
3.196	0.817141851
3.1971	0.818848997
3.198	0.819957761
3.199	0.821304118
3.2	0.821937698
3.201	0.822553678
3.202	0.823028863
3.203	0.823416051
3.2039	0.823979233
3.205	0.824665611
3.2061	0.824780007
3.207	0.824956001
3.208	0.824920803
3.209	0.825079197
3.21	0.825351989
3.211	0.825791975
3.212	0.825756776
3.2129	0.826284759
3.214	0.82655755
3.2151	0.82717353
3.216	0.827745512
3.217	0.827991904
3.218	0.828581485
3.219	0.828053502
3.2199	0.827692714
3.221	0.827481521
3.2221	0.826434354
3.223	0.825369588
3.224	0.823838437
3.225	0.822597677
3.226	0.821893699
3.2269	0.82095213
3.228	0.820028159
3.2291	0.818875396
3.23	0.817423442
3.231	0.816728265
3.232	0.816041887
3.233	0.815205913
3.2339	0.814317142
3.235	0.813146779
3.236	0.811809222
3.237	0.810480465
3.238	0.808421331
3.2389	0.806854981
3.24	0.80530623
3.2411	0.803581485
3.242	0.801495952
3.243	0.799278423
3.244	0.797025695
3.245	0.79467617
3.2461	0.792203449
3.247	0.790285111
3.248	0.789132348
3.249	0.787961985
3.25	0.786994016
3.2509	0.785797254
3.252	0.784750088
3.253	0.783896515
3.254	0.782743752
3.255	0.781854981
3.2559	0.780438226
3.257	0.778977473
3.258	0.776891939
3.259	0.774604013
3.26	0.772210489
3.2609	0.769808166
3.262	0.767960225
3.263	0.766288279
3.264	0.764660331
3.265	0.763639564
3.2659	0.76312038
3.267	0.76342837
3.268	0.762777191
3.269	0.762829989
3.27	0.763085181
3.2709	0.763155579
3.272	0.763243576
3.273	0.763560366
3.274	0.764026751
3.275	0.764651531
3.2761	0.764871524
3.277	0.76530271
3.278	0.765443506
3.2789	0.765197114
3.28	0.765038719
3.281	0.765364308
3.282	0.766024287
3.283	0.767001056
3.2839	0.768338613
3.285	0.770116156
3.286	0.772069694
3.287	0.773671243
3.288	0.774639212
3.2891	0.775985568
3.29	0.776724745
3.291	0.776839141
3.2919	0.77686554
3.293	0.777094333
3.294	0.776847941
3.295	0.776302358
3.296	0.775571982
3.2971	0.774815206
3.298	0.773178458
3.299	0.771682506
3.2999	0.769869764
3.301	0.7687522
3.302	0.76751144
3.3029	0.765813094
3.304	0.764968321
3.305	0.763199578
3.306	0.761210841
3.307	0.758878916
3.3081	0.75656459
3.309	0.753942274
3.31	0.751073566
3.3109	0.747896867
3.312	0.744165787
3.313	0.741077086
3.3139	0.73717881
3.315	0.732972545
3.316	0.728731081
3.317	0.724208025
3.318	0.719896163
3.319	0.715901091
3.32	0.712222809
3.321	0.708650123
3.3221	0.70498944
3.323	0.701487152
3.324	0.697879268
3.3251	0.694033791
3.326	0.689581133
3.327	0.684917283
3.3281	0.680121436
3.329	0.675387188
3.33	0.671013728
3.3309	0.666367476
3.332	0.661606829
3.333	0.657066174
3.3339	0.652604717
3.335	0.648046463
3.336	0.643382612
3.3369	0.639211545
3.338	0.634908483
3.339	0.630746216
3.3399	0.626539951
3.341	0.622870468
3.342	0.619640971
3.3429	0.61625308
3.344	0.612909187
3.345	0.609626892
3.3459	0.606370996
3.347	0.603343893
3.348	0.600862372
3.3489	0.597976065
3.35	0.595582541
3.351	0.593620204
3.3519	0.591587469
3.353	0.590601901
3.354	0.589440338
3.3549	0.588349173
3.356	0.587434002
3.357	0.586844421
3.3579	0.585911651
3.359	0.584917283
3.36	0.584565294
3.3611	0.584230905
3.362	0.583905315
3.363	0.58375572
3.3641	0.583852517
3.365	0.58407251
3.366	0.5843629
3.367	0.58376452
3.368	0.583878916
3.369	0.58343893
3.37	0.582761352
3.3709	0.582110172
3.372	0.581282999
3.373	0.579584653
3.3739	0.577939106
3.375	0.576082365
3.376	0.573970433
3.3771	0.572096093
3.378	0.569596973
3.379	0.566719465
3.38	0.563956353
3.381	0.561087645
3.382	0.558236536
3.383	0.555394227
3.3839	0.552323126
3.385	0.54875924
3.386	0.545177754
3.3871	0.541446674
3.388	0.537829989
3.389	0.533826118
3.39	0.529831045
3.391	0.525721577
3.392	0.521427314
3.393	0.516754664
3.3939	0.5124868
3.395	0.508042943
3.396	0.50374868
3.3971	0.499428018
3.398	0.49532735
3.399	0.491455473
3.4	0.487293207
3.4009	0.482849349
3.402	0.478159099
3.403	0.473354453
3.4041	0.468892995
3.405	0.463973953
3.406	0.45905491
3.407	0.453880676
3.4079	0.448565646
3.409	0.44342661
3.41	0.43843717
3.411	0.433562126
3.412	0.428704681
3.413	0.423512848
3.414	0.418470609
3.4151	0.413463569
3.416	0.40813974
3.417	0.403282295
3.418	0.398169659
3.4189	0.393206617
3.42	0.38843717
3.421	0.383562126
3.422	0.378713481
3.4229	0.374252024
3.424	0.369799366
3.425	0.365531503
3.4261	0.361026047
3.427	0.35718937
3.428	0.35343189
3.429	0.349428018
3.4301	0.345864132
3.431	0.342414643
3.432	0.338982753
3.433	0.335718057
3.4341	0.332585357
3.435	0.329250264
3.436	0.32595037
3.437	0.322650475
3.4379	0.319649771
3.439	0.316358677
3.44	0.313331573
3.441	0.310207673
3.4419	0.307250968
3.443	0.304347061
3.444	0.301319958
3.445	0.298204857
3.4459	0.295098557
3.447	0.291895459
3.448	0.28876276
3.449	0.285533263
3.4501	0.282215769
3.451	0.279100669
3.452	0.275721577
3.453	0.272377684
3.4541	0.269086589
3.455	0.2656195
3.456	0.262258008
3.457	0.258949314
3.4581	0.255737416
3.459	0.25249032
3.46	0.249296023
3.461	0.24625132
3.462	0.243215417
3.4629	0.240029919
3.464	0.237222809
3.465	0.234195706
3.466	0.231397395
3.4669	0.228572686
3.468	0.225686378
3.469	0.222914467
3.47	0.220256952
3.4711	0.217581837
3.472	0.214968321
3.473	0.212134812
3.474	0.2093629
3.475	0.206590989
3.4759	0.203854277
3.477	0.201055966
3.478	0.198213657
3.479	0.195573742
3.4801	0.192872228
3.481	0.19000352
3.482	0.187117212
3.483	0.184310102
3.484	0.181370996
3.4851	0.17842309
3.486	0.175431186
3.487	0.172307286
3.488	0.169350581
3.489	0.166270679
3.4899	0.163322774
3.491	0.160436466
3.492	0.157453361
3.493	0.154628652
3.494	0.151830341
3.4949	0.14906723
3.496	0.146374516
3.497	0.143813798
3.498	0.141305878
3.499	0.138797958
3.4999	0.136404435
3.501	0.134186906
3.502	0.132004576
3.503	0.12999824
3.504	0.128053502
3.5049	0.126311158
3.506	0.124604013
3.507	0.122967265
3.508	0.121277719
3.509	0.119772967
3.5101	0.118321014
3.511	0.116781063
3.512	0.115434706
3.513	0.114035551
3.514	0.112733193
3.5151	0.111360436
3.516	0.110066878
3.517	0.108843717
3.518	0.107638156
3.519	0.106441394
3.52	0.105279831
3.5209	0.104100669
3.522	0.102859908
3.523	0.101671946
3.524	0.100413587
3.525	0.099216825
3.5261	0.097914467
3.5269	0.09657691
3.528	0.095160155
3.529	0.093690602
3.53	0.092018655
3.531	0.090443506
3.5321	0.088894755
3.533	0.087328405
3.534	0.085710137
3.535	0.084094509
3.536	0.082482401
3.537	0.080902851
3.5381	0.079303942
3.539	0.077793911
3.54	0.076230201
3.541	0.074754488
3.542	0.073263816
3.543	0.071783703
3.5441	0.070365188
3.5449	0.069080429
3.546	0.067784231
3.547	0.06656987
3.548	0.065377508
3.549	0.064277543
3.55	0.063232137
3.5509	0.06219993
3.552	0.061230201
3.553	0.06031063
3.554	0.059460577
3.555	0.05874428
3.556	0.058059662
3.5571	0.057382084
3.5579	0.056740584
3.559	0.056092045
3.56	0.055490144
3.561	0.054942802
3.562	0.05438314
3.563	0.053864836
3.5641	0.053295495
3.5649	0.052759592
3.566	0.052216649
3.567	0.051637628
3.568	0.051138684
3.569	0.050608061
3.57	0.050064238
3.571	0.049535375
3.5719	0.049011792
3.573	0.048465329
3.574	0.047939986
3.575	0.047424322
3.576	0.046896339
3.577	0.046400915
3.578	0.04592397
3.5791	0.045422386
3.5799	0.044926962
3.581	0.044428018
3.582	0.043944034
3.583	0.043510208
3.584	0.043070222
3.585	0.042659275
3.586	0.04218937
3.587	0.041758184
3.5879	0.041323478
3.589	0.04092661
3.59	0.040563182
3.591	0.040152235
3.592	0.039809046
3.593	0.039415699
3.594	0.03906635
3.595	0.038692362
3.5961	0.038372052
3.5969	0.038064942
3.598	0.037758712
3.599	0.037454241
3.6	0.037148891
3.601	0.036891939
3.602	0.036596269
3.603	0.036343717
3.604	0.036106125
3.605	0.035883492
3.6061	0.035648539
3.6069	0.035424146
3.608	0.035166315
3.609	0.034970961
3.61	0.034772967
3.611	0.034583773
3.612	0.03437874
3.613	0.034153467
3.614	0.033953713
3.615	0.03374164
3.6161	0.033565646
3.6169	0.033378212
3.6179	0.033221577
3.619	0.033066702
3.62	0.032910947
3.621	0.032695354
3.622	0.032481521
3.623	0.032254488
3.624	0.032057374
3.625	0.031843541
3.626	0.031641147
3.627	0.031458113
3.6281	0.03126364
3.6289	0.031068286
3.6299	0.030850933
3.631	0.03060982
3.632	0.030383668
3.633	0.030177754
3.634	0.029952482
3.635	0.029742168
3.636	0.029543295
3.637	0.029348821
3.638	0.029162267
3.639	0.028958993
3.64	0.028643963
3.641	0.028342133
3.6421	0.028075502
3.6429	0.027795671
3.6439	0.027525519
3.645	0.027296727
3.646	0.027117212
3.647	0.026946498
3.648	0.026791623
3.649	0.026617388
3.65	0.026495072
3.651	0.02625572
3.652	0.025959169
3.653	0.025743576
3.654	0.025561422
3.655	0.025410947
3.656	0.025285111
3.657	0.025097677
3.658	0.024915523
3.6591	0.024759768
3.6601	0.024560014
3.6609	0.02438314
3.6619	0.024197466
3.6629	0.024034671
3.664	0.023910595
3.665	0.023879796
3.666	0.023864836
3.667	0.023816438
3.668	0.023782999
3.669	0.023724041
3.67	0.023597325
3.671	0.023464449
3.672	0.023249736
3.673	0.023091341
3.674	0.022954065
3.675	0.022729673
3.676	0.022683914
3.677	0.022726153
3.678	0.022660155
3.679	0.02249032
3.68	0.022317846
3.681	0.022241288
3.682	0.02217441
3.683	0.022014256
3.684	0.021843541
3.685	0.021806582
3.686	0.021781943
3.687	0.021806582
3.688	0.021794263
3.6891	0.021739704
3.6901	0.021716825
3.6911	0.021672826
3.6921	0.021606829
3.6931	0.021438754
3.6941	0.021276839
3.6951	0.021189722
3.6959	0.021037487
3.6969	0.020994368
3.6979	0.021004928
3.6989	0.021003168
3.6999	0.021055086
3.7009	0.021026047
3.7019	0.020976769
3.7029	0.020974129
3.7039	0.021068286
3.7049	0.021093805
3.7059	0.021030447
3.7069	0.02094421
3.7079	0.020967969
3.7089	0.021045407
3.7099	0.021053326
3.7109	0.021033087
3.7119	0.020990848
3.7129	0.020850933
3.7139	0.020764696
3.7149	0.020712777
3.7159	0.020682858
3.7169	0.020659099
3.7181	0.020716297
3.7191	0.020702218
3.7201	0.020684618
3.7211	0.020748856
3.7221	0.020849173
3.7231	0.020832453
3.7241	0.020830693
3.725	0.020835093
3.726	0.020822774
3.727	0.020794615
3.728	0.020694298
3.729	0.02061862
3.73	0.0206283
3.731	0.020650299
3.732	0.020738296
3.733	0.020787575
3.734	0.020725097
3.735	0.020555262
3.736	0.020397747
3.737	0.020336149
3.738	0.020379268
3.739	0.020340549
3.74	0.020285111
3.741	0.020121436
3.742	0.019953361
3.743	0.019878564
3.744	0.019940162
3.745	0.019930482
3.746	0.019794087
3.747	0.019644491
3.748	0.019545935
3.749	0.019486096
3.7499	0.019399859
3.7509	0.019340901
3.7519	0.019300422
3.7531	0.019298662
3.7541	0.019198346
3.755	0.019127068
3.756	0.019105069
3.757	0.01906371
3.758	0.019044351
3.759	0.01907515
3.76	0.019192186
3.761	0.019278423
3.762	0.019268743
3.763	0.019264344
3.764	0.019304822
3.765	0.019332981
3.766	0.019457937
3.767	0.019544175
3.768	0.019527455
3.7689	0.019519535
3.7701	0.019556494
3.7711	0.01967969
3.772	0.019780887
3.773	0.019820486
3.774	0.019815206
3.775	0.019865364
3.776	0.019886484
3.777	0.019893523
3.778	0.019904083
3.779	0.019979761
3.78	0.019926082
3.781	0.019846005
3.782	0.019834565
3.7829	0.019807286
3.7841	0.019750968
3.785	0.01969817
3.786	0.01970081
3.787	0.01969905
3.788	0.01968145
3.789	0.019668251
3.79	0.01967529
3.791	0.019668251
3.792	0.019712249
3.793	0.019779127
3.7939	0.019794087
3.7951	0.019754488
3.796	0.019728969
3.797	0.01969905
3.798	0.019658571
3.799	0.019564414
3.8	0.019471137
3.801	0.019414819
3.802	0.019407779
3.803	0.019406019
3.804	0.019403379
3.8051	0.019473777
3.806	0.019477297
3.807	0.019438578
3.808	0.019468497
3.809	0.019505456
3.81	0.019471137
3.811	0.0193849
3.812	0.019355861
3.813	0.019281063
3.8139	0.019221225
3.8151	0.019221225
3.816	0.019220345
3.817	0.019194826
3.818	0.019186026
3.819	0.019186026
3.82	0.019219465
3.821	0.019235304
3.8219	0.019227385
3.8231	0.019248504
3.824	0.019325062
3.825	0.019406019
3.826	0.019413059
3.827	0.019340901
3.828	0.019305702
3.829	0.019283703
3.8299	0.019304822
3.8311	0.01937346
3.832	0.0193717
3.833	0.019331221
3.834	0.019347061
3.835	0.019425378
3.836	0.019530975
3.8369	0.019590813
3.8381	0.019715769
3.839	0.019736888
3.84	0.019665611
3.841	0.019580253
3.842	0.019542415
3.843	0.019526575
3.8439	0.019529215
3.8451	0.019551214
3.846	0.019585533
3.847	0.019596973
3.848	0.019591693
3.849	0.019598733
3.85	0.019611932
3.8509	0.01969201
3.852	0.019773847
3.853	0.019820486
3.854	0.019846885
3.855	0.019850405
3.856	0.019863604
3.8569	0.019858325
3.8581	0.019876804
3.859	0.019887364
3.86	0.019894403
3.861	0.019875924
3.862	0.019869764
3.8629	0.019834565
3.8641	0.019911123
3.865	0.019965681
3.866	0.020061598
3.867	0.020114396
3.868	0.020124956
3.8689	0.020134636
3.87	0.020148715
3.871	0.020155755
3.872	0.020185674
3.873	0.020214713
3.874	0.020251672
3.8751	0.020255192
3.876	0.020251672
3.877	0.020253432
3.878	0.020263112
3.879	0.020281591
3.8799	0.02030535
3.881	0.020293911
3.882	0.020373988
3.883	0.020397747
3.884	0.020420627
3.8849	0.020444386
3.886	0.020463745
3.887	0.020494544
3.888	0.020524463
3.889	0.020517423
3.8899	0.020528863
3.891	0.020550862
3.892	0.020597501
3.893	0.02064062
3.894	0.020644139
3.8949	0.02063094
3.896	0.02063974
3.897	0.020658219
3.898	0.020694298
3.899	0.020705737
3.8999	0.020706617
3.901	0.020728617
3.902	0.020773495
3.903	0.020798134
3.904	0.020832453
3.9051	0.020821894
3.906	0.020857093
3.907	0.020861492
3.908	0.020867652
3.9089	0.020865012
3.91	0.020869412
3.911	0.020878212
3.912	0.020878212
3.913	0.020893171
3.9141	0.020903731
3.915	0.020910771
3.916	0.020911651
3.917	0.020911651
3.9179	0.020912531
3.919	0.02093805
3.92	0.020955649
3.921	0.020967089
3.9219	0.02095301
3.923	0.02094421
3.924	0.02092925
3.925	0.02094069
3.926	0.020914291
3.927	0.020883492
3.928	0.020875572
3.929	0.020852693
3.93	0.020875572
3.931	0.020880852
3.932	0.020871172
3.933	0.020888772
3.934	0.020894051
3.935	0.020882612
3.936	0.020877332
3.937	0.020877332
3.938	0.020861492
3.939	0.020862372
3.94	0.020858853
3.941	0.020842133
3.9419	0.020837733
3.943	0.020837733
3.944	0.020826294
3.945	0.020825414
3.9459	0.020806934
3.947	0.020821014
3.948	0.020817494
3.949	0.020843893
3.9501	0.020840373
3.951	0.020850053
3.952	0.020859732
3.953	0.020856213
3.954	0.020858853
3.955	0.020825414
3.956	0.020800774
3.9569	0.020806934
3.958	0.020797254
3.959	0.020775255
3.96	0.020767335
3.961	0.020779655
3.962	0.020753256
3.963	0.020741816
3.9639	0.020729497
3.965	0.020745336
3.966	0.020750616
3.967	0.020754136
3.968	0.020751496
3.969	0.020755016
3.97	0.020744456
3.9711	0.020777895
3.972	0.020794615
3.973	0.020805174
3.9739	0.020771735
3.975	0.020772615
3.976	0.020776135
3.977	0.020761176
3.978	0.020745336
3.979	0.020753256
3.98	0.020767335
3.9811	0.020762056
3.982	0.020740056
3.983	0.020723337
3.9839	0.020740936
3.985	0.020745336
3.986	0.020328229
3.9869	0.020756776
3.988	0.020894931
3.989	0.020414467
3.99	0.020295671
3.991	0.020840373
3.992	0.020844773
3.993	0.020579901
3.994	0.020369588
3.995	0.020478705
3.996	0.021070926
3.997	0.020735656
3.998	0.020736682
3.999	0.020737708
4	0.020738733
4.001	0.020739759
4.002	0.020740785
4.003	0.02074181
4.004	0.020742836
4.005	0.020743861
4.006	0.020744887
4.007	0.020745913
4.008	0.020746938
4.009	0.020747964
4.01	0.02074899
4.011	0.020750015
4.012	0.020751041
4.013	0.020752067
4.014	0.020753092
4.015	0.020754118
4.016	0.020755143
4.017	0.020756169
4.018	0.020757195
4.019	0.02075822
4.02	0.020759246
4.021	0.020760272
4.022	0.020761297
4.023	0.020762323
4.024	0.020763348
4.025	0.020764374
4.026	0.0207654
4.027	0.020766425
4.028	0.020767451
4.029	0.020768477
4.03	0.020769502
4.031	0.020770528
4.032	0.020771553
4.033	0.020772579
4.034	0.020773605
4.035	0.02077463
4.036	0.020775656
4.037	0.020776682
4.038	0.020777707
4.039	0.020778733
4.04	0.020779758
4.041	0.020780784
4.042	0.02078181
4.043	0.020782835
4.044	0.020783861
4.045	0.020784887
4.046	0.020785912
4.047	0.020786938
4.048	0.020787964
4.049	0.020788989
4.05	0.020790015
4.051	0.02079104
4.052	0.020792066
4.053	0.020793092
4.054	0.020794117
4.055	0.020795143
4.056	0.020796169
4.057	0.020797194
4.058	0.02079822
4.059	0.020799245
4.06	0.020800271
4.061	0.020801297
4.062	0.020802322
4.063	0.020803348
4.064	0.020804374
4.065	0.020805399
4.066	0.020806425
4.067	0.02080745
4.068	0.020808476
4.069	0.020809502
4.07	0.020810527
4.071	0.020811553
4.072	0.020812579
4.073	0.020813604
4.074	0.02081463
4.075	0.020815655
4.076	0.020816681
4.077	0.020817707
4.078	0.020818732
4.079	0.020819758
4.08	0.020820784
4.081	0.020821809
4.082	0.020822835
4.083	0.02082386
4.084	0.020824886
4.085	0.020825912
4.086	0.020826937
4.087	0.020827963
4.088	0.020828989
4.089	0.020830014
4.09	0.02083104
4.091	0.020832066
4.092	0.020833091
4.093	0.020834117
4.094	0.020835142
4.095	0.020836168
4.096	0.020837194
4.097	0.020838219
4.098	0.020839245
4.099	0.020840271
4.1	0.020841296
4.101	0.020842322
4.102	0.020843347
4.103	0.020844373
4.104	0.020845399
4.105	0.020846424
4.106	0.02084745
4.107	0.020848476
4.108	0.020849501
4.109	0.020850527
4.11	0.020851552
4.111	0.020852578
4.112	0.020853604
4.113	0.020854629
4.114	0.020855655
4.115	0.020856681
4.116	0.020857706
4.117	0.020858732
4.118	0.020859757
4.119	0.020860783
4.12	0.020861809
4.121	0.020862834
4.122	0.02086386
4.123	0.020864886
4.124	0.020865911
4.125	0.020866937
4.126	0.020867963
4.127	0.020868988
4.128	0.020870014
4.129	0.020871039
4.13	0.020872065
4.131	0.020873091
4.132	0.020874116
4.133	0.020875142
4.134	0.020876168
4.135	0.020877193
4.136	0.020878219
4.137	0.020879244
4.138	0.02088027
4.139	0.020881296
4.14	0.020882321
4.141	0.020883347
4.142	0.020884373
4.143	0.020885398
4.144	0.020886424
4.145	0.020887449
4.146	0.020888475
4.147	0.020889501
4.148	0.020890526
4.149	0.020891552
4.15	0.020892578
4.151	0.020893603
4.152	0.020894629
4.153	0.020895654
4.154	0.02089668
4.155	0.020897706
4.156	0.020898731
4.157	0.020899757
4.158	0.020900783
4.159	0.020901808
4.16	0.020902834
4.161	0.020903859
4.162	0.020904885
4.163	0.020905911
4.164	0.020906936
4.165	0.020907962
4.166	0.020908988
4.167	0.020910013
4.168	0.020911039
4.169	0.020912065
4.17	0.02091309
4.171	0.020914116
4.172	0.020915141
4.173	0.020916167
4.174	0.020917193
4.175	0.020918218
4.176	0.020919244
4.177	0.02092027
4.178	0.020921295
4.179	0.020922321
4.18	0.020923346
4.181	0.020924372
4.182	0.020925398
4.183	0.020926423
4.184	0.020927449
4.185	0.020928475
4.186	0.0209295
4.187	0.020930526
4.188	0.020931551
4.189	0.020932577
4.19	0.020933603
4.191	0.020934628
4.192	0.020935654
4.193	0.02093668
4.194	0.020937705
4.195	0.020938731
4.196	0.020939756
4.197	0.020940782
4.198	0.020941808
4.199	0.020942833
4.2	0.020943859
4.201	0.020944885
4.202	0.02094591
4.203	0.020946936
4.204	0.020947962
4.205	0.020948987
4.206	0.020950013
4.207	0.020951038
4.208	0.020952064
4.209	0.02095309
4.21	0.020954115
4.211	0.020955141
4.212	0.020956167
4.213	0.020957192
4.214	0.020958218
4.215	0.020959243
4.216	0.020960269
4.217	0.020961295
4.218	0.02096232
4.219	0.020963346
4.22	0.020964372
4.221	0.020965397
4.222	0.020966423
4.223	0.020967448
4.224	0.020968474
4.225	0.0209695
4.226	0.020970525
4.227	0.020971551
4.228	0.020972577
4.229	0.020973602
4.23	0.020974628
4.231	0.020975653
4.232	0.020976679
4.233	0.020977705
4.234	0.02097873
4.235	0.020979756
4.236	0.020980782
4.237	0.020981807
4.238	0.020982833
4.239	0.020983859
4.24	0.020984884
4.241	0.02098591
4.242	0.020986935
4.243	0.020987961
4.244	0.020988987
4.245	0.020990012
4.246	0.020991038
4.247	0.020992064
4.248	0.020993089
4.249	0.020994115
4.25	0.02099514
4.251	0.020996166
4.252	0.020997192
4.253	0.020998217
4.254	0.020999243
4.255	0.021000269
4.256	0.021001294
4.257	0.02100232
4.258	0.021003345
4.259	0.021004371
4.26	0.021005397
4.261	0.021006422
4.262	0.021007448
4.263	0.021008474
4.264	0.021009499
4.265	0.021010525
4.266	0.02101155
4.267	0.021012576
4.268	0.021013602
4.269	0.021014627
4.27	0.021015653
4.271	0.021016679
4.272	0.021017704
4.273	0.02101873
4.274	0.021019755
4.275	0.021020781
4.276	0.021021807
4.277	0.021022832
4.278	0.021023858
4.279	0.021024884
4.28	0.021025909
4.281	0.021026935
4.282	0.021027961
4.283	0.021028986
4.284	0.021030012
4.285	0.021031037
4.286	0.021032063
4.287	0.021033089
4.288	0.021034114
4.289	0.02103514
4.29	0.021036166
4.291	0.021037191
4.292	0.021038217
4.293	0.021039242
4.294	0.021040268
4.295	0.021041294
4.296	0.021042319
4.297	0.021043345
4.298	0.021044371
4.299	0.021045396
4.3	0.021046422
4.301	0.021047447
4.302	0.021048473
4.303	0.021049499
4.304	0.021050524
4.305	0.02105155
4.306	0.021052576
4.307	0.021053601
4.308	0.021054627
4.309	0.021055652
4.31	0.021056678
4.311	0.021057704
4.312	0.021058729
4.313	0.021059755
4.314	0.021060781
4.315	0.021061806
4.316	0.021062832
4.317	0.021063858
4.318	0.021064883
4.319	0.021065909
4.32	0.021066934
4.321	0.02106796
4.322	0.021068986
4.323	0.021070011
4.324	0.021071037
4.325	0.021072063
4.326	0.021073088
4.327	0.021074114
4.328	0.021075139
4.329	0.021076165
4.33	0.021077191
4.331	0.021078216
4.332	0.021079242
4.333	0.021080268
4.334	0.021081293
4.335	0.021082319
4.336	0.021083344
4.337	0.02108437
4.338	0.021085396
4.339	0.021086421
4.34	0.021087447
4.341	0.021088473
4.342	0.021089498
4.343	0.021090524
4.344	0.021091549
4.345	0.021092575
4.346	0.021093601
4.347	0.021094626
4.348	0.021095652
4.349	0.021096678
4.35	0.021097703
4.351	0.021098729
4.352	0.021099755
4.353	0.02110078
4.354	0.021101806
4.355	0.021102831
4.356	0.021103857
4.357	0.021104883
4.358	0.021105908
4.359	0.021106934
4.36	0.02110796
4.361	0.021108985
4.362	0.021110011
4.363	0.021111036
4.364	0.021112062
4.365	0.021113088
4.366	0.021114113
4.367	0.021115139
4.368	0.021116165
4.369	0.02111719
4.37	0.021118216
4.371	0.021119241
4.372	0.021120267
4.373	0.021121293
4.374	0.021122318
4.375	0.021123344
4.376	0.02112437
4.377	0.021125395
4.378	0.021126421
4.379	0.021127446
4.38	0.021128472
4.381	0.021129498
4.382	0.021130523
4.383	0.021131549
4.384	0.021132575
4.385	0.0211336
4.386	0.021134626
4.387	0.021135651
4.388	0.021136677
4.389	0.021137703
4.39	0.021138728
4.391	0.021139754
4.392	0.02114078
4.393	0.021141805
4.394	0.021142831
4.395	0.021143857
4.396	0.021144882
4.397	0.021145908
4.398	0.021146933
4.399	0.021147959
4.4	0.021148985
4.401	0.02115001
4.402	0.021151036
4.403	0.021152062
4.404	0.021153087
4.405	0.021154113
4.406	0.021155138
4.407	0.021156164
4.408	0.02115719
4.409	0.021158215
4.41	0.021159241
4.411	0.021160267
4.412	0.021161292
4.413	0.021162318
4.414	0.021163343
4.415	0.021164369
4.416	0.021165395
4.417	0.02116642
4.418	0.021167446
4.419	0.021168472
4.42	0.021169497
4.421	0.021170523
4.422	0.021171548
4.423	0.021172574
4.424	0.0211736
4.425	0.021174625
4.426	0.021175651
4.427	0.021176677
4.428	0.021177702
4.429	0.021178728
4.43	0.021179754
4.431	0.021180779
4.432	0.021181805
4.433	0.02118283
4.434	0.021183856
4.435	0.021184882
4.436	0.021185907
4.437	0.021186933
4.438	0.021187959
4.439	0.021188984
4.44	0.02119001
4.441	0.021191035
4.442	0.021192061
4.443	0.021193087
4.444	0.021194112
4.445	0.021195138
4.446	0.021196164
4.447	0.021197189
4.448	0.021198215
4.449	0.02119924
4.45	0.021200266
4.451	0.021201292
4.452	0.021202317
4.453	0.021203343
4.454	0.021204369
4.455	0.021205394
4.456	0.02120642
4.457	0.021207445
4.458	0.021208471
4.459	0.021209497
4.46	0.021210522
4.461	0.021211548
4.462	0.021212574
4.463	0.021213599
4.464	0.021214625
4.465	0.021215651
4.466	0.021216676
4.467	0.021217702
4.468	0.021218727
4.469	0.021219753
4.47	0.021220779
4.471	0.021221804
4.472	0.02122283
4.473	0.021223856
4.474	0.021224881
4.475	0.021225907
4.476	0.021226932
4.477	0.021227958
4.478	0.021228984
4.479	0.021230009
4.48	0.021231035
4.481	0.021232061
4.482	0.021233086
4.483	0.021234112
4.484	0.021235137
4.485	0.021236163
4.486	0.021237189
4.487	0.021238214
4.488	0.02123924
4.489	0.021240266
4.49	0.021241291
4.491	0.021242317
4.492	0.021243342
4.493	0.021244368
4.494	0.021245394
4.495	0.021246419
4.496	0.021247445
4.497	0.021248471
4.498	0.021249496
4.499	0.021250522
4.5	0.021251547
4.501	0.021252573
4.502	0.021253599
4.503	0.021254624
4.504	0.02125565
4.505	0.021256676
4.506	0.021257701
4.507	0.021258727
4.508	0.021259753
4.509	0.021260778
4.51	0.021261804
4.511	0.021262829
4.512	0.021263855
4.513	0.021264881
4.514	0.021265906
4.515	0.021266932
4.516	0.021267958
4.517	0.021268983
4.518	0.021270009
4.519	0.021271034
4.52	0.02127206
4.521	0.021273086
4.522	0.021274111
4.523	0.021275137
4.524	0.021276163
4.525	0.021277188
4.526	0.021278214
4.527	0.021279239
4.528	0.021280265
4.529	0.021281291
4.53	0.021282316
4.531	0.021283342
4.532	0.021284368
4.533	0.021285393
4.534	0.021286419
4.535	0.021287444
4.536	0.02128847
4.537	0.021289496
4.538	0.021290521
4.539	0.021291547
4.54	0.021292573
4.541	0.021293598
4.542	0.021294624
4.543	0.02129565
4.544	0.021296675
4.545	0.021297701
4.546	0.021298726
4.547	0.021299752
4.548	0.021300778
4.549	0.021301803
4.55	0.021302829
4.551	0.021303855
4.552	0.02130488
4.553	0.021305906
4.554	0.021306931
4.555	0.021307957
4.556	0.021308983
4.557	0.021310008
4.558	0.021311034
4.559	0.02131206
4.56	0.021313085
4.561	0.021314111
4.562	0.021315136
4.563	0.021316162
4.564	0.021317188
4.565	0.021318213
4.566	0.021319239
4.567	0.021320265
4.568	0.02132129
4.569	0.021322316
4.57	0.021323341
4.571	0.021324367
4.572	0.021325393
4.573	0.021326418
4.574	0.021327444
4.575	0.02132847
4.576	0.021329495
4.577	0.021330521
4.578	0.021331546
4.579	0.021332572
4.58	0.021333598
4.581	0.021334623
4.582	0.021335649
4.583	0.021336675
4.584	0.0213377
4.585	0.021338726
4.586	0.021339752
4.587	0.021340777
4.588	0.021341803
4.589	0.021342828
4.59	0.021343854
4.591	0.02134488
4.592	0.021345905
4.593	0.021346931
4.594	0.021347957
4.595	0.021348982
4.596	0.021350008
4.597	0.021351033
4.598	0.021352059
4.599	0.021353085
4.6	0.02135411
4.601	0.021355136
